0.0000000000 0.0000000000 0.0000000000
0.0000000000 0.0000000000 0.0000000000
0.0000000000 0.0000000000 0.0000000000
0.0000000000 0.0000000000 0.0000000000
0.0000000000 0.0000000000 0.0000000000
0.0000000000 0.0000000000 0.0000000000
0.0000000000 0.0000000000 0.0000000000
0.0000000000 0.0000000000 0.0000000000
0.0000000000 0.0000000000 0.0000000000
0.0000000000 0.0000000000 0.0000000000
0.0000000000 0.0000000000 0.0000000000
0.0000000000 0.0000000000 0.0000000000
0.0000000000 0.0000000000 0.0000000000
0.0000000000 0.0000000000 0.0000000000
0.0000000000 0.0000000000 0.0000000000
0.0000000000 0.0000000000 0.0000000000
0.0000000000 0.0000000000 0.0000000000
0.0000000000 0.0000000000 0.0000000000
0.0000000000 0.0000000000 0.0000000000
0.0000000000 0.0000000000 0.0000000000
0.0000000000 0.0000000000 0.0000000000
0.0000000000 0.0000000000 0.0000000000
0.0000000000 0.0000000000 0.0000000000
0.0000000000 0.0000000000 0.0000000000
0.0000000000 0.0000000000 0.0000000000
0.0000000000 0.0000000000 0.0000000000
0.0000000000 0.0000000000 0.0000000000
0.0000000000 0.0000000000 0.0000000000
0.0000000000 0.0000000000 0.0000000000
0.0000000000 0.0000000000 0.0000000000
0.0000000000 0.0000000000 0.0000000000
0.0000000000 0.0000000000 0.0000000000
0.0000000000 0.0000000000 0.0000000000
0.0000000000 0.0000000000 0.0000000000
0.0000000000 0.0000000000 0.0000000000
0.0000000000 0.0000000000 0.0000000000
0.0000000000 0.0000000000 0.0000000000
0.0000000000 0.0000000000 0.0000000000
0.0000000000 0.0000000000 0.0000000000
0.0000000000 0.0000000000 0.0000000000
0.0000000000 0.0000000000 0.0000000000
0.0000000000 0.0000000000 0.0000000000
0.0000000000 0.0000000000 0.0000000000
0.0000000000 0.0000000000 0.0000000000
0.0000000000 0.0000000000 0.0000000000
0.0000000000 0.0000000000 0.0000000000
0.0000000000 0.0000000000 0.0000000000
0.0000000000 0.0000000000 0.0000000000
0.0000000000 0.0000000000 0.0000000000
0.0000000000 0.0000000000 0.0000000000
0.0000000000 0.0000000000 0.0000000000
0.0000000000 0.0000000000 0.0000000000
0.0000000000 0.0000000000 0.0000000000
0.0000000000 0.0000000000 0.0000000000
0.0000000000 0.0000000000 0.0000000000
0.0000000000 0.0000000000 0.0000000000
0.0000000000 0.0000000000 0.0000000000
0.0000000000 0.0000000000 0.0000000000
0.0000000000 0.0000000000 0.0000000000
0.0000000000 0.0000000000 0.0000000000
0.0000000000 0.0000000000 0.0000000000
0.0000000000 0.0000000000 0.0000000000
0.0000000000 0.0000000000 0.0000000000
0.0000000000 0.0000000000 0.0000000000
0.0000000000 0.0000000000 0.0000000000
0.0000000000 0.0000000000 0.0000000000
0.0000000000 0.0000000000 0.0000000000
0.0000000000 0.0000000000 0.0000000000
0.0000000000 0.0000000000 0.0000000000
0.0000000000 0.0000000000 0.0000000000
0.0000000000 0.0000000000 0.0000000000
0.0000000000 0.0000000000 0.0000000000
0.0000000000 0.0000000000 0.0000000000
0.0000000000 0.0000000000 0.0000000000
0.0000000000 0.0000000000 0.0000000000
0.0000000000 0.0000000000 0.0000000000
0.0000000000 0.0000000000 0.0000000000
0.0000000000 0.0000000000 0.0000000000
0.0000000000 0.0000000000 0.0000000000
0.0000000000 0.0000000000 0.0000000000
0.0000000000 0.0000000000 0.0000000000
0.0000000000 0.0000000000 0.0000000000
0.0000000000 0.0000000000 0.0000000000
0.0000000000 0.0000000000 0.0000000000
0.0000000000 0.0000000000 0.0000000000
0.0000000000 0.0000000000 0.0000000000
0.0000000000 0.0000000000 0.0000000000
0.0000000000 0.0000000000 0.0000000000
0.0000000000 0.0000000000 0.0000000000
0.0000000000 0.0000000000 0.0000000000
0.0000000000 0.0000000000 0.0000000000
0.0000000000 0.0000000000 0.0000000000
0.0000000000 0.0000000000 0.0000000000
0.0000000000 0.0000000000 0.0000000000
0.0000000000 0.0000000000 0.0000000000
0.0000000000 0.0000000000 0.0000000000
0.0000000000 0.0000000000 0.0000000000
0.0000000000 0.0000000000 0.0000000000
0.0000000000 0.0000000000 0.0000000000
0.0000000000 0.0000000000 0.0000000000
0.0000000000 0.0000000000 0.0000000000
0.0000000000 0.0000000000 0.0000000000
0.0000000000 0.0000000000 0.0000000000
0.0000000000 0.0000000000 0.0000000000
0.0000000000 0.0000000000 0.0000000000
0.0000000000 0.0000000000 0.0000000000
0.0000000000 0.0000000000 0.0000000000
0.0000000000 0.0000000000 0.0000000000
0.0000000000 0.0000000000 0.0000000000
0.0000000000 0.0000000000 0.0000000000
0.0000000000 0.0000000000 0.0000000000
0.0000000000 0.0000000000 0.0000000000
0.0000000000 0.0000000000 0.0000000000
0.0000000000 0.0000000000 0.0000000000
0.0000000000 0.0000000000 0.0000000000
0.0000000000 0.0000000000 0.0000000000
0.0000000000 0.0000000000 0.0000000000
0.0000000000 0.0000000000 0.0000000000
0.0000000000 0.0000000000 0.0000000000
0.0000000000 0.0000000000 0.0000000000
0.0000000000 0.0000000000 0.0000000000
0.0000000000 0.0000000000 0.0000000000
0.0000000000 0.0000000000 0.0000000000
0.0000000000 0.0000000000 0.0000000000
0.0000000000 0.0000000000 0.0000000000
0.0000000000 0.0000000000 0.0000000000
0.0000000000 0.0000000000 0.0000000000
0.0000000000 0.0000000000 0.0000000000
0.0000000000 0.0000000000 0.0000000000
0.0000000000 0.0000000000 0.0000000000
0.0000000000 0.0000000000 0.0000000000
0.0000000000 0.0000000000 0.0000000000
0.0000000000 0.0000000000 0.0000000000
0.0000000000 0.0000000000 0.0000000000
0.0000000000 0.0000000000 0.0000000000
0.0000000000 0.0000000000 0.0000000000
0.0000000000 0.0000000000 0.0000000000
0.0000000000 0.0000000000 0.0000000000
0.0000000000 0.0000000000 0.0000000000
0.0000000000 0.0000000000 0.0000000000
0.0000000000 0.0000000000 0.0000000000
0.0000000000 0.0000000000 0.0000000000
0.0000000000 0.0000000000 0.0000000000
0.0000000000 0.0000000000 0.0000000000
0.0000000000 0.0000000000 0.0000000000
0.0000000000 0.0000000000 0.0000000000
0.0000000000 0.0000000000 0.0000000000
0.0000000000 0.0000000000 0.0000000000
0.0000000000 0.0000000000 0.0000000000
0.0000000000 0.0000000000 0.0000000000
0.0000000000 0.0000000000 0.0000000000
0.0000000000 0.0000000000 0.0000000000
0.0000000000 0.0000000000 0.0000000000
0.0000000000 0.0000000000 0.0000000000
0.0000000000 0.0000000000 0.0000000000
0.0000000000 0.0000000000 0.0000000000
0.0000000000 0.0000000000 0.0000000000
0.0000000000 0.0000000000 0.0000000000
0.0000000000 0.0000000000 0.0000000000
0.0000000000 0.0000000000 0.0000000000
0.0000000000 0.0000000000 0.0000000000
0.0000000000 0.0000000000 0.0000000000
0.0000000000 0.0000000000 0.0000000000
0.0000000000 0.0000000000 0.0000000000
0.0000000000 0.0000000000 0.0000000000
0.0000000000 0.0000000000 0.0000000000
0.0000000000 0.0000000000 0.0000000000
0.0000000000 0.0000000000 0.0000000000
0.0000000000 0.0000000000 0.0000000000
0.0000000000 0.0000000000 0.0000000000
0.0000000000 0.0000000000 0.0000000000
0.0000000000 0.0000000000 0.0000000000
0.0000000000 0.0000000000 0.0000000000
0.0000000000 0.0000000000 0.0000000000
0.0000000000 0.0000000000 0.0000000000
0.0000000000 0.0000000000 0.0000000000
0.0000000000 0.0000000000 0.0000000000
0.0000000000 0.0000000000 0.0000000000
0.0000000000 0.0000000000 0.0000000000
0.0000000000 0.0000000000 0.0000000000
0.0000000000 0.0000000000 0.0000000000
0.0000000000 0.0000000000 0.0000000000
0.0000000000 0.0000000000 0.0000000000
0.0000000000 0.0000000000 0.0000000000
0.0000000000 0.0000000000 0.0000000000
0.0000000000 0.0000000000 0.0000000000
0.0000000000 0.0000000000 0.0000000000
0.0000000000 0.0000000000 0.0000000000
0.0000000000 0.0000000000 0.0000000000
0.0000000000 0.0000000000 0.0000000000
0.0000000000 0.0000000000 0.0000000000
0.0000000000 0.0000000000 0.0000000000
0.0000000000 0.0000000000 0.0000000000
0.0000000000 0.0000000000 0.0000000000
0.0000000000 0.0000000000 0.0000000000
0.0000000000 0.0000000000 0.0000000000
0.0000000000 0.0000000000 0.0000000000
0.0000000000 0.0000000000 0.0000000000
0.0000000000 0.0000000000 0.0000000000
0.0000000000 0.0000000000 0.0000000000
0.0000000000 0.0000000000 0.0000000000
0.0000000000 0.0000000000 0.0000000000
0.0000000000 0.0000000000 0.0000000000
0.0000000000 0.0000000000 0.0000000000
0.0000000000 0.0000000000 0.0000000000
0.0000000000 0.0000000000 0.0000000000
0.0000000000 0.0000000000 0.0000000000
0.0000000000 0.0000000000 0.0000000000
0.0000000000 0.0000000000 0.0000000000
0.0000000000 0.0000000000 0.0000000000
0.0000000000 0.0000000000 0.0000000000
0.0000000000 0.0000000000 0.0000000000
0.0000000000 0.0000000000 0.0000000000
0.0000000000 0.0000000000 0.0000000000
0.0000000000 0.0000000000 0.0000000000
0.0000000000 0.0000000000 0.0000000000
0.0000000000 0.0000000000 0.0000000000
0.0000000000 0.0000000000 0.0000000000
0.0000000000 0.0000000000 0.0000000000
0.0000000000 0.0000000000 0.0000000000
0.0000000000 0.0000000000 0.0000000000
0.0000000000 0.0000000000 0.0000000000
0.0000000000 0.0000000000 0.0000000000
0.0000000000 0.0000000000 0.0000000000
0.0000000000 0.0000000000 0.0000000000
0.0000000000 0.0000000000 0.0000000000
0.0000000000 0.0000000000 0.0000000000
0.0000000000 0.0000000000 0.0000000000
0.0000000000 0.0000000000 0.0000000000
0.0000000000 0.0000000000 0.0000000000
0.0000000000 0.0000000000 0.0000000000
0.0000000000 0.0000000000 0.0000000000
0.0000000000 0.0000000000 0.0000000000
0.0000000000 0.0000000000 0.0000000000
0.0000000000 0.0000000000 0.0000000000
0.0000000000 0.0000000000 0.0000000000
0.0000000000 0.0000000000 0.0000000000
0.0000000000 0.0000000000 0.0000000000
0.0000000000 0.0000000000 0.0000000000
0.0000000000 0.0000000000 0.0000000000
0.0000000000 0.0000000000 0.0000000000
0.0000000000 0.0000000000 0.0000000000
0.0000000000 0.0000000000 0.0000000000
0.0000000000 0.0000000000 0.0000000000
0.0000000000 0.0000000000 0.0000000000
0.0000000000 0.0000000000 0.0000000000
0.0000000000 0.0000000000 0.0000000000
0.0000000000 0.0000000000 0.0000000000
0.0000000000 0.0000000000 0.0000000000
0.0000000000 0.0000000000 0.0000000000
0.0000000000 0.0000000000 0.0000000000
0.0000000000 0.0000000000 0.0000000000
0.0000000000 0.0000000000 0.0000000000
0.0000000000 0.0000000000 0.0000000000
0.0000000000 0.0000000000 0.0000000000
0.0000000000 0.0000000000 0.0000000000
0.0000000000 0.0000000000 0.0000000000
0.0000000000 0.0000000000 0.0000000000
0.0000000000 0.0000000000 0.0000000000
0.0000000000 0.0000000000 0.0000000000
0.0000000000 0.0000000000 0.0000000000
0.0000000000 0.0000000000 0.0000000000
0.0000000000 0.0000000000 0.0000000000
0.0000000000 0.0000000000 0.0000000000
0.0000000000 0.0000000000 0.0000000000
0.0000000000 0.0000000000 0.0000000000
0.0000000000 0.0000000000 0.0000000000
0.0000000000 0.0000000000 0.0000000000
0.0000000000 0.0000000000 0.0000000000
0.0000000000 0.0000000000 0.0000000000
0.0000000000 0.0000000000 0.0000000000
0.0000000000 0.0000000000 0.0000000000
0.0000000000 0.0000000000 0.0000000000
0.0000000000 0.0000000000 0.0000000000
0.0000000000 0.0000000000 0.0000000000
0.0000000000 0.0000000000 0.0000000000
0.0000000000 0.0000000000 0.0000000000
0.0000000000 0.0000000000 0.0000000000
0.0000000000 0.0000000000 0.0000000000
0.0000000000 0.0000000000 0.0000000000
0.0000000000 0.0000000000 0.0000000000
0.0000000000 0.0000000000 0.0000000000
0.0000000000 0.0000000000 0.0000000000
0.0000000000 0.0000000000 0.0000000000
0.0000000000 0.0000000000 0.0000000000
0.0000000000 0.0000000000 0.0000000000
0.0000000000 0.0000000000 0.0000000000
0.0000000000 0.0000000000 0.0000000000
0.0000000000 0.0000000000 0.0000000000
0.0000000000 0.0000000000 0.0000000000
0.0000000000 0.0000000000 0.0000000000
0.0000000000 0.0000000000 0.0000000000
0.0000000000 0.0000000000 0.0000000000
0.0000000000 0.0000000000 0.0000000000
0.0000000000 0.0000000000 0.0000000000
0.0000000000 0.0000000000 0.0000000000
0.0000000000 0.0000000000 0.0000000000
0.0000000000 0.0000000000 0.0000000000
0.0000000000 0.0000000000 0.0000000000
0.0000000000 0.0000000000 0.0000000000
0.0000000000 0.0000000000 0.0000000000
0.0000000000 0.0000000000 0.0000000000
0.0000000000 0.0000000000 0.0000000000
0.0000000000 0.0000000000 0.0000000000
0.0000000000 0.0000000000 0.0000000000
0.0000000000 0.0000000000 0.0000000000
0.0000000000 0.0000000000 0.0000000000
0.0000000000 0.0000000000 0.0000000000
0.0000000000 0.0000000000 0.0000000000
0.0000000000 0.0000000000 0.0000000000
16.0553493500 16.3070259094 16.5472640991
15.3515348434 15.5974178314 15.7928924561
14.6895294189 14.9227085114 15.0967302322
14.0739822388 14.2852249146 14.4401483536
13.4955987930 13.6826400757 13.8115053177
12.9497356415 13.1103010178 13.2340860367
12.4317464828 12.5751867294 12.6915912628
11.9416303635 12.0703172684 12.1840200424
11.4724206924 11.5980205536 11.7090454102
11.0310850143 11.1559696198 11.2596826553
10.6106529236 10.7325315475 10.8336029053
9.8417987823 9.9554519653 10.0349941254
9.1449527740 9.2551507950 9.3178758621
8.5108222961 8.6153402328 8.6799211502
7.9370846748 8.0336942673 8.1048297882
7.4190955162 7.5055599213 7.5716481209
6.9498853683 7.0216298103 7.0757188797
6.5131940842 6.5749258995 6.6123862267
6.0857949257 6.1352019310 6.1583666801
5.6491041183 5.6791911125 5.6973624229
5.2124137878 5.2301602364 5.2456712723
4.7919826508 4.8090486526 4.8126063347
4.3994259834 4.4135293961 4.4121379852
4.0417113304 4.0389494896 4.0372810364
3.7072246075 3.6946153641 3.6926915646
3.3959665298 3.3805263042 3.3737139702
3.1056137085 3.0943565369 3.0850043297
2.8408122063 2.8314526081 2.8242340088
2.6015613079 2.5918142796 2.5867466927
2.3878614902 2.3777685165 2.3702144623
2.1943705082 2.1839642525 2.1734726429
2.0185327530 2.0069112778 1.9972200394
1.8596516848 1.8487035036 1.8405250311
1.7172627449 1.7088757753 1.7019909620
1.5913658142 1.5839383602 1.5783580542
1.4810316563 1.4701683521 1.4665992260
1.3820794821 1.3698925972 1.3674135208
1.2921861410 1.2831110954 1.2801020145
1.2122811079 1.2077296972 1.2037336826
1.1428287029 1.1409566402 1.1364456415
1.0819706917 1.0806982517 1.0763753653
1.0283135176 1.0262562037 1.0230572224
0.9806956649 0.9785611629 0.9767239094
0.9386525750 0.9378460050 0.9371427894
0.9024165869 0.9024818540 0.9019853473
0.8715230227 0.8708403707 0.8691562414
0.8448105454 0.8431539536 0.8405181170
0.8215823770 0.8198881745 0.8177007437
0.8006769419 0.7996468544 0.7986086011
0.7818620801 0.7810342312 0.7804478407
0.7651377320 0.7642828226 0.7639168501
0.7505039573 0.7498579621 0.7497141957
0.7374961376 0.7372944355 0.7373742461
0.7263466120 0.7261267900 0.7264311910
0.7161261439 0.7163552046 0.7164194584
0.7072995305 0.7072814703 0.7073390484
0.6991695762 0.6989057660 0.6991900206
0.6912720203 0.6909953952 0.6919722557
0.6840712428 0.6837830544 0.6854529977
0.6773350239 0.6768032312 0.6789337397
0.6710634232 0.6705214381 0.6721816659
0.6654886603 0.6647049785 0.6656624079
0.6599138975 0.6591212153 0.6593759656
0.6543390751 0.6540027261 0.6535552144
0.6485320330 0.6488842368 0.6479672790
0.6429573298 0.6433004141 0.6426121593
0.6371502280 0.6374839544 0.6370242834
0.6318077445 0.6314348578 0.6312035322
0.6262329817 0.6251530647 0.6251499057
0.6204259396 0.6186386347 0.6188634634
0.6143865585 0.6118915677 0.6125770211
0.6076503396 0.6051445007 0.6055921316
0.6009142399 0.5983973742 0.5983743668
0.5939457417 0.5916502476 0.5911566019
0.5872095227 0.5849031806 0.5834732652
0.5802410841 0.5779234171 0.5757898092
0.5730403662 0.5707110167 0.5681064129
0.5656073093 0.5630332828 0.5604230165
0.5581742525 0.5548902750 0.5529724360
0.5507412553 0.5469798446 0.5455218554
0.5433081985 0.5390694737 0.5378384590
0.5356428623 0.5316243768 0.5299221873
0.5279775858 0.5239467025 0.5220059752
0.5200799704 0.5165016055 0.5136240721
0.5121824145 0.5085912347 0.5054749846
0.5042847395 0.5006808639 0.4973259270
0.4968517423 0.4927704632 0.4891768694
0.4894187152 0.4850927293 0.4814934731
0.4819856882 0.4771823585 0.4735772312
0.4743203819 0.4697372913 0.4658938348
0.4664227664 0.4620595276 0.4582104087
0.4587574601 0.4543818235 0.4507598579
0.4510921240 0.4469367564 0.4435421228
0.4436590970 0.4394916892 0.4365571737
0.4366906285 0.4322792888 0.4295722544
0.4299544692 0.4252995253 0.4225873649
0.4236828387 0.4185524583 0.4153696001
0.4174112082 0.4118053317 0.4086175561
0.4111396074 0.4055235684 0.4018654525
0.4048679769 0.3994744420 0.3953461945
0.3988286257 0.3936579823 0.3890597522
0.3930215836 0.3880742192 0.3834718466
0.3874468207 0.3824903667 0.3781167567
0.3825688660 0.3773719072 0.3732272983
0.3781554997 0.3727187216 0.3683378398
0.3737421334 0.3682982326 0.3639140427
0.3695610762 0.3641103804 0.3594903052
0.3653799891 0.3601551652 0.3552993536
0.3611989021 0.3561999798 0.3515740335
0.3574823737 0.3524774611 0.3478487730
0.3537658751 0.3487549424 0.3448219895
0.3505139351 0.3457303643 0.3417951763
0.3477265537 0.3429384828 0.3390012085
0.3454037011 0.3406118751 0.3366729021
0.3435454667 0.3387506306 0.3345774412
0.3416872025 0.3368893564 0.3327147961
0.3402935266 0.3352607191 0.3310849667
0.3388997912 0.3338647783 0.3294551373
0.3377383947 0.3327015042 0.3280581832
0.3368092775 0.3317708671 0.3271268308
0.3358801603 0.3308402002 0.3264283836
0.3351832926 0.3301422596 0.3259626925
0.3344864249 0.3292116225 0.3254970312
0.3340218961 0.3287462890 0.3250313699
0.3335573375 0.3282809854 0.3245657384
0.3330927491 0.3280483186 0.3241000473
0.3328604698 0.3278156817 0.3238672316
0.3326281905 0.3275830150 0.3236343861
0.3328604698 0.3273503482 0.3236343861
0.3330927491 0.3271176815 0.3236343861
0.3333250284 0.3268850148 0.3234015703
0.3335573375 0.3268850148 0.3231687248
0.3335573375 0.3268850148 0.3229358792
0.3333250284 0.3268850148 0.3231687248
0.3330927491 0.3271176815 0.3231687248
0.3330927491 0.3271176815 0.3234015703
0.3328604698 0.3273503482 0.3234015703
0.3328604698 0.3275830150 0.3231687248
0.3330927491 0.3278156817 0.3227030933
0.3330927491 0.3273503482 0.3222374320
0.3330927491 0.3268850148 0.3215389252
0.3328604698 0.3261870742 0.3213060796
0.3323958814 0.3254890740 0.3210732341
0.3321636319 0.3252564073 0.3206076026
0.3319313526 0.3252564073 0.3203747869
0.3316990733 0.3252564073 0.3201419413
0.3312344849 0.3252564073 0.3199091256
0.3307699263 0.3247911036 0.3194434345
0.3300730884 0.3240931332 0.3192106187
0.3291439712 0.3231624961 0.3185121417
0.3282148242 0.3222318888 0.3178136349
0.3275179863 0.3213012218 0.3166494966
0.3268211186 0.3206032515 0.3157181740
0.3261243105 0.3201379478 0.3147868216
0.3254274428 0.3196726143 0.3140883446
0.3247305751 0.3187419772 0.3136226833
0.3240337670 0.3178113699 0.3131570220
0.3233368993 0.3164154291 0.3126913607
0.3228723407 0.3152521253 0.3117600381
0.3219432235 0.3143214881 0.3105958700
0.3210140765 0.3138561845 0.3094317317
0.3200849295 0.3131581843 0.3082675934
0.3193881214 0.3126928508 0.3078019321
0.3189235330 0.3119949102 0.3075690866
0.3184589744 0.3117622435 0.3073362708
0.3177621365 0.3112969100 0.3073362708
0.3168329895 0.3110642731 0.3066377640
0.3159038723 0.3103662729 0.3057064414
0.3149747550 0.3099009693 0.3047751188
0.3142778873 0.3089703321 0.3045422733
0.3117228150 0.3064110875 0.3031453192
0.3049865961 0.3001292944 0.2977902293
0.3021992147 0.2975700796 0.2954619229
0.2989472747 0.2945455015 0.2926679254
0.2949984670 0.2910556495 0.2894083261
0.2905851007 0.2871004641 0.2854501903
0.2854748964 0.2826799452 0.2810264230
0.2805969715 0.2784920931 0.2766026258
0.2761836052 0.2747695744 0.2726445198
0.2726993561 0.2722103000 0.2698505521
0.2710734010 0.2710470259 0.2684535682
0.2715379596 0.2722103000 0.2689192295
0.2747898996 0.2761654854 0.2721788585
0.2815260887 0.2833779156 0.2784652710
0.2922110856 0.2947781682 0.2882441580
0.3063803017 0.3096683323 0.3017483354
0.3240337670 0.3278156817 0.3178136349
0.3437777460 0.3482896090 0.3362072408
