977379.9375000000 713326.7500000000 527845.3750000000
954854.7500000000 701200.6875000000 521172.6875000000
893262.6250000000 667458.7500000000 502032.5625000000
806153.6875000000 617724.4375000000 473234.6250000000
708134.1250000000 559027.4375000000 437939.5625000000
610114.5625000000 497167.1250000000 399308.1875000000
518606.1562500000 436537.0000000000 359798.7812500000
436952.5312500000 379773.1250000000 321343.0000000000
366385.5000000000 328281.4375000000 284994.3437500000
306553.0937500000 282589.1562500000 251630.8750000000
256399.4531250000 242872.0312500000 221252.5468750000
214692.7500000000 208427.0781250000 194386.1718750000
180201.1250000000 178902.8437500000 170452.2656250000
151499.1718750000 153824.8125000000 149485.9531250000
127724.5859375000 132402.1562500000 131136.0312500000
107944.6953125000 114160.3984375000 115156.6875000000
91437.9921875000 98589.8750000000 101214.2656250000
77641.3437500000 85303.9687500000 89098.0546875000
66062.0156250000 73933.6171875000 78509.5390625000
56348.0468750000 64197.6484375000 69290.6796875000
48165.0859375000 55814.8750000000 61230.7656250000
41284.3593750000 48609.5546875000 54189.3164062500
35494.6953125000 42423.5234375000 48008.2929687500
30620.1132812500 37063.4648437500 42582.3359375000
26502.2363281250 32459.0898437500 37806.0898437500
23035.4765625000 28487.3769531250 33626.8750000000
20114.2460937500 25042.8828125000 29921.7734375000
17632.9609375000 22090.4589843750 26673.2246093750
15549.3857421875 19524.6621093750 23810.9882812500
13780.8105468750 17308.5859375000 21282.3886718750
12281.4804687500 15393.0253906250 19052.3027343750
11002.1230468750 13735.8017578125 17097.9062500000
9909.3017578125 12301.7666015625 15366.5166015625
8971.3408203125 11059.2880859375 13838.8203125000
8161.8437500000 9982.0048828125 12491.9892578125
7457.9331054688 9045.3134765625 11301.4394531250
6843.7709960938 8228.1250000000 10251.3681640625
6305.2792968750 7516.3793945312 9324.2148437500
5828.3798828125 6892.5043945312 8504.1757812500
5402.5141601562 6342.4394531250 7777.2026367188
5022.4023437500 5857.3984375000 7134.5166015625
4677.4863281250 5426.8364257812 6563.8256835938
4366.0058593750 5043.7246093750 6056.3496093750
4082.6816406250 4701.0322265625 5605.0644531250
3822.2348632812 4393.4882812500 5201.1909179688
3584.6650390625 4114.0625000000 4839.4604492188
3364.6928710938 3860.9973144531 4514.6054687500
3162.3186035156 3629.0212402344 4221.3583984375
2975.7822265625 3418.1337890625 3957.9624023438
2803.3242187500 3223.0629882812 3717.3940429688
2643.1843261719 3042.0512695312 3499.6533203125
2493.6035156250 2875.0986328125 3301.2285156250
2356.3408203125 2720.4477539062 3118.6074218750
2227.8771972656 2576.3415527344 2950.0339355469
2108.2124023438 2441.0219726562 2795.5083007812
1995.5866699219 2316.2470703125 2653.2746582031
1891.7598876953 2198.5014648438 2519.8208007812
1794.9721679688 2089.5429687500 2396.9025878906
1704.5195312500 1985.8566894531 2281.0085449219
1619.8743896484 1889.1999511719 2173.8940429688
1540.6844482422 1797.8153076172 2072.0476074219
1466.4217529297 1713.6361083984 1977.2252197266
1396.9106445312 1633.6745605469 1889.4265136719
1331.9749755859 1558.6339111328 1805.1398925781
1270.9106445312 1488.1622314453 1725.5943603516
1213.8939208984 1421.9084472656 1650.7897949219
1160.2207031250 1359.5209960938 1580.1998291016
1109.7150878906 1300.6481933594 1513.6484375000
1062.2010498047 1245.2902832031 1450.4333496094
1017.5028686523 1192.9199218750 1390.7303466797
975.4441528320 1143.3613281250 1334.0124511719
935.6732177734 1096.4389648438 1280.2795410156
898.1899414062 1051.9768066406 1229.1807861328
862.8184204102 1009.9750976562 1180.7160644531
829.3826904297 970.0822143555 1134.7094726562
797.7067260742 932.4738769531 1090.9857177734
767.9664916992 896.7987670898 1049.3691406250
739.6340942383 862.8811035156 1009.8598022461
712.8854980469 830.8964843750 972.2820434570
687.5447387695 800.4935302734 936.4602050781
663.4357910156 771.6723022461 902.3943481445
640.5586547852 744.0811157227 869.9088134766
618.7374877930 718.0717163086 838.8281250000
597.9720458984 693.1166992188 809.3277587891
578.0866088867 669.3918457031 781.2322387695
559.2569580078 646.8972167969 754.5414428711
541.3073120117 625.2811889648 729.0798339844
523.8854980469 604.8954467773 704.6718139648
507.3435668945 585.3883666992 681.4929809570
491.5055847168 566.5842285156 659.5433349609
476.3715515137 548.8345336914 638.2960205078
461.7653808594 531.7878417969 618.2779541016
447.8631286621 515.6197509766 598.9622802734
434.3128662109 499.9789428711 580.5245361328
421.4664916992 485.2168579102 562.7892456055
408.9720764160 470.9819335938 545.7562866211
397.0056152344 457.4499816895 529.6013793945
385.5670471191 444.4452514648 513.9732055664
374.4804687500 432.1434936523 499.2229919434
363.9218139648 420.1932067871 484.9996643066
353.8910827637 408.7701416016 471.3030395508
344.2123107910 397.6985473633 458.1332397461
334.8854980469 387.1541748047 445.6658630371
325.9106140137 376.7855224609 433.5496215820
317.4636840820 366.9441223145 422.1358032227
309.1927490234 357.4541931152 411.0732116699
301.4497375488 348.3157348633 400.3617553711
293.8826904297 339.5287475586 390.1771240234
286.6676025391 331.0932617188 380.1680603027
279.6284790039 322.8334960938 370.6858215332
272.9413452148 314.7495117188 361.5547485352
266.4301757812 307.0169372559 352.7749023438
260.0949707031 299.6358947754 344.1706237793
253.9357604980 292.4305725098 336.0931396484
248.1284942627 285.4009704590 328.0156860352
242.3212280273 278.7229003906 320.4649963379
236.8659362793 272.2205200195 313.0899353027
231.4106292725 265.8939208984 305.8904113770
226.3072814941 259.7430114746 299.0421447754
221.2039184570 253.9436187744 292.1938476562
216.2765502930 248.1442108154 285.6967468262
211.5251464844 242.6963043213 279.3752441406
206.9497222900 237.4241180420 273.2293395996
202.5502777100 232.3276519775 267.2590332031
198.3268127441 227.4069366455 261.4643249512
194.2793426514 222.4862365723 256.0208129883
190.2318420410 217.9170074463 250.5772857666
186.3603363037 213.3477935791 245.3093719482
182.6648101807 208.9542999268 240.0414581299
179.1452636719 204.7365417480 235.1247253418
175.6609039307 200.6945343018 230.3836059570
172.3349151611 196.6525268555 225.6424865723
169.0969238281 192.7862548828 221.0769500732
165.9821319580 189.0957336426 216.6870269775
162.9553070068 185.5809326172 212.4726867676
159.9988861084 182.0661468506 208.2583465576
157.1304473877 178.5513610840 204.2196197510
154.3323974609 175.2298736572 200.3564758301
151.5871582031 171.9786987305 196.4933319092
148.9122924805 168.8153839111 192.8058013916
146.2902221680 165.7575225830 189.2938537598
143.7209472656 162.7523803711 185.7819061279
141.2044677734 159.8526763916 182.4455566406
138.7231903076 157.0408477783 179.1092071533
136.2946929932 154.3168792725 175.9484558105
133.9365997314 151.6632232666 172.8228149414
131.6136932373 149.0798492432 169.7850036621
129.3611755371 146.6019134521 166.8525085449
127.1966476440 144.1767120361 164.0078430176
125.0849227905 141.8393707275 161.2509765625
123.0435791016 139.5547637939 158.5643310547
121.0550308228 137.3404388428 155.9479217529
119.1544723511 135.1788482666 153.4193267822
117.3067169189 133.0699768066 150.9434051514
115.5293350220 131.0313873291 148.5201721191
113.8399505615 129.0279541016 146.1847229004
112.1857604980 127.0596847534 143.8843994141
110.6019592285 125.1441116333 141.6543121338
109.0709533691 123.2812805176 139.4593353271
107.5751419067 121.4711685181 137.3170471191
106.0969314575 119.6961898804 135.2274627686
104.6715087891 117.9739379883 133.1905212402
103.2636947632 116.2692794800 131.1887207031
101.8910675049 114.6173248291 129.2220153809
100.5360412598 112.9829406738 127.3080139160
99.1986083984 111.4012832642 125.4466857910
97.8963699341 109.8196334839 123.6204757690
96.5941390991 108.2731246948 121.8293762207
95.3095016479 106.7617645264 120.0909652710
94.0424575806 105.2679824829 118.3876724243
92.8106231689 103.8093414307 116.7370681763
91.5963668823 102.3858489990 115.1215591431
90.3997192383 100.9975051880 113.5587463379
89.2382659912 99.6443099976 112.0134963989
88.0944213867 98.3086853027 110.5384750366
86.9857559204 97.0257873535 109.0810165405
85.8946990967 95.7604675293 107.6762390137
84.8388290405 94.5478668213 106.2890243530
83.8181610107 93.3528366089 104.9544830322
82.8150863647 92.2105331421 103.6199417114
81.8472061157 91.0682220459 102.3380813599
80.8969345093 89.9786376953 101.0737838745
79.9642486572 88.9066238403 99.8446044922
79.0491638184 87.8697662354 98.6329803467
78.1516799927 86.8504714966 97.4564819336
77.2717895508 85.8663330078 96.2799835205
76.4095001221 84.8997650146 95.1561508179
75.5648040771 83.9683456421 94.0323333740
74.7377166748 83.0544967651 92.9436340332
73.9282150269 82.1582260132 91.8549270630
73.1363143921 81.2795333862 90.8013458252
72.3796157837 80.4184036255 89.7653198242
71.6229095459 79.5748519897 88.7292938232
70.8837966919 78.7313079834 87.7283935547
70.1798934937 77.9229049683 86.7450485229
69.4935836792 77.1145095825 85.7792587280
68.8248672485 76.3236770630 84.8310394287
68.1737518311 75.5328445435 83.9003677368
67.5754241943 74.7771682739 82.9872665405
66.9946975708 74.0039138794 82.0917205811
66.3963699341 73.2658081055 81.1961746216
62.6304473877 69.6807250977 77.0345153809
60.3251380920 66.4646911621 73.3118591309
58.0374298096 63.5298423767 70.0106277466
55.7673225403 60.8234519958 67.0430374146
53.3212280273 58.4333915710 64.3037185669
51.4206695557 56.2893676758 61.7399978638
49.9072647095 54.4089546204 59.3518714905
48.4642486572 51.9837532043 57.1569061279
46.7044715881 50.5075378418 55.1024208069
45.0678787231 49.0489006042 53.2235298157
43.9592170715 47.6781311035 51.4851150513
42.8329620361 46.0964775085 49.8871803284
41.7770957947 44.6554145813 48.4297256470
40.7916221619 43.5482559204 47.1654243469
39.7533531189 42.6168365479 45.8484458923
38.6798896790 41.7029876709 44.3207473755
37.9055900574 40.6309814453 43.3900833130
37.2896652222 39.4710960388 42.4242973328
36.4977645874 38.6275482178 41.4760742188
35.6178779602 37.9070167542 40.4927291870
35.0547485352 37.1161880493 39.4391441345
34.4564247131 36.3956527710 38.5611572266
33.7701148987 35.7454185486 37.8412094116
33.1365928650 35.0951805115 37.2090606689
32.6086616516 34.3570747375 36.5769081116
32.1159210205 33.7068405151 35.8745193481
31.5879917145 33.2323455811 35.0667724609
31.0952529907 32.7754211426 34.3468246460
30.6377105713 32.2130546570 33.8200340271
30.1977653503 31.5628166199 33.2756843567
29.7402229309 31.1058979034 32.7313270569
29.3178768158 30.7016944885 32.2220993042
28.9307289124 30.2447700500 31.7128639221
28.5259761810 29.7702770233 31.2387542725
28.1388263702 29.3485031128 30.7119598389
27.7692737579 28.9618740082 30.2027301788
27.4173183441 28.5928211212 29.7812938690
27.0829620361 28.2061920166 29.4301013947
26.7486038208 27.8195667267 29.0964660645
26.3966484070 27.4680881500 28.7101535797
26.0798892975 27.1341819763 28.2360401154
25.8159236908 26.8178520203 27.8321666718
25.5519561768 26.4839458466 27.5160903931
25.1648063660 26.1324672699 27.1824550629
24.9184360504 25.8337097168 26.8488216400
24.6896648407 25.5349521637 26.4976272583
24.3729057312 25.2537689209 26.1639919281
24.1089382172 24.9725875854 25.8479175568
23.8625717163 24.6914043427 25.5669612885
23.6162014008 24.4277935028 25.2860050201
23.3874301910 24.1817588806 25.0050506592
23.1586589813 23.9181480408 24.7240943909
22.9298877716 23.6721153259 24.4606990814
22.7011165619 23.4260787964 24.1973018646
22.4723472595 23.1800422668 23.9514675140
22.2611732483 22.9867305756 23.7056312561
22.0675983429 22.7934169769 23.4597930908
21.8740234375 22.5122337341 23.2315177917
21.6452522278 22.3013458252 23.0032424927
21.4692745209 22.1431808472 22.7925243378
21.0997200012 21.7214050293 22.3359718323
20.7653636932 21.3523521423 21.9320983887
20.4486045837 21.0008735657 21.5633430481
20.1142463684 20.6669692993 21.1945896149
19.8150844574 20.3506374359 20.8433952332
19.5159225464 20.0518798828 20.5448799133
19.2519550323 19.7531223297 20.1936855316
18.9879894257 19.4367923737 19.8951702118
18.7416191101 19.1907558441 19.6142139435
18.4776535034 18.9271469116 19.3156986237
18.2488822937 18.6811122894 19.0698623657
18.0025138855 18.4350757599 18.8064670563
17.7913398743 18.2066135406 18.5606307983
17.5907268524 17.9781532288 18.3147945404
17.3865928650 17.7496929169 18.0865192413
17.1631011963 17.5352897644 17.8582420349
16.9536876678 17.3367042542 17.6299648285
16.7829895020 17.1398773193 17.4192485809
16.6140499115 16.9412918091 17.2138004303
16.4187145233 16.7268867493 17.0118618011
16.2216205597 16.5581779480 16.8204631805
16.0403633118 16.3631076813 16.6273040771
15.8872632980 16.1627635956 16.4359035492
15.7271242142 16.0028419495 16.2497692108
15.5511455536 15.8341321945 16.0706615448
15.3646097183 15.6601495743 15.8827724457
15.2203083038 15.4791364670 15.7124433517
15.0812845230 15.2981252670 15.5491371155
14.9017887115 15.1434745789 15.3823204041
14.7434091568 14.9958534241 15.2225265503
14.6167039871 14.8429603577 15.0539531708
14.4583234787 14.6830368042 14.8959150314
14.3069839478 14.5195999146 14.7431459427
14.1697216034 14.3614339828 14.5886201859
14.0324583054 14.2243566513 14.4288272858
13.8828773499 14.0943107605 14.2971296310
13.7579326630 13.9537181854 14.1531400681
13.6189107895 13.8043394089 14.0126619339
13.4886875153 13.6549615860 13.8739395142
13.3619832993 13.5319433212 13.7246818542
13.2282409668 13.4141979218 13.5824480057
13.1050567627 13.2788791656 13.4577741623
12.9801120758 13.1400451660 13.3366117477
12.8569278717 13.0240554810 13.2136945724
12.7407817841 12.9115829468 13.0837526321
12.6175985336 12.7832937241 12.9502983093
12.5032129288 12.6585178375 12.8221120834
12.3888273239 12.5478019714 12.7027063370
12.2744417191 12.4406013489 12.5885677338
0.0000000000 0.0000000000 0.0000000000
0.0000000000 0.0000000000 0.0000000000
0.0000000000 0.0000000000 0.0000000000
0.0000000000 0.0000000000 0.0000000000
0.0000000000 0.0000000000 0.0000000000
0.0000000000 0.0000000000 0.0000000000
0.0000000000 0.0000000000 0.0000000000
0.0000000000 0.0000000000 0.0000000000
0.0000000000 0.0000000000 0.0000000000
0.0000000000 0.0000000000 0.0000000000
0.0000000000 0.0000000000 0.0000000000
0.0000000000 0.0000000000 0.0000000000
0.0000000000 0.0000000000 0.0000000000
0.0000000000 0.0000000000 0.0000000000
0.0000000000 0.0000000000 0.0000000000
0.0000000000 0.0000000000 0.0000000000
0.0000000000 0.0000000000 0.0000000000
0.0000000000 0.0000000000 0.0000000000
0.0000000000 0.0000000000 0.0000000000
0.0000000000 0.0000000000 0.0000000000
0.0000000000 0.0000000000 0.0000000000
0.0000000000 0.0000000000 0.0000000000
0.0000000000 0.0000000000 0.0000000000
0.0000000000 0.0000000000 0.0000000000
0.0000000000 0.0000000000 0.0000000000
0.0000000000 0.0000000000 0.0000000000
0.0000000000 0.0000000000 0.0000000000
0.0000000000 0.0000000000 0.0000000000
0.0000000000 0.0000000000 0.0000000000
0.0000000000 0.0000000000 0.0000000000
0.0000000000 0.0000000000 0.0000000000
0.0000000000 0.0000000000 0.0000000000
0.0000000000 0.0000000000 0.0000000000
0.0000000000 0.0000000000 0.0000000000
0.0000000000 0.0000000000 0.0000000000
0.0000000000 0.0000000000 0.0000000000
0.0000000000 0.0000000000 0.0000000000
0.0000000000 0.0000000000 0.0000000000
0.0000000000 0.0000000000 0.0000000000
0.0000000000 0.0000000000 0.0000000000
0.0000000000 0.0000000000 0.0000000000
0.0000000000 0.0000000000 0.0000000000
0.0000000000 0.0000000000 0.0000000000
0.0000000000 0.0000000000 0.0000000000
0.0000000000 0.0000000000 0.0000000000
0.0000000000 0.0000000000 0.0000000000
0.0000000000 0.0000000000 0.0000000000
0.0000000000 0.0000000000 0.0000000000
0.0000000000 0.0000000000 0.0000000000
0.0000000000 0.0000000000 0.0000000000
0.0000000000 0.0000000000 0.0000000000
0.0000000000 0.0000000000 0.0000000000
0.0000000000 0.0000000000 0.0000000000
0.0000000000 0.0000000000 0.0000000000
0.0000000000 0.0000000000 0.0000000000
0.0000000000 0.0000000000 0.0000000000
0.0000000000 0.0000000000 0.0000000000
0.0000000000 0.0000000000 0.0000000000
0.0000000000 0.0000000000 0.0000000000
0.0000000000 0.0000000000 0.0000000000
0.0000000000 0.0000000000 0.0000000000
0.0000000000 0.0000000000 0.0000000000
0.0000000000 0.0000000000 0.0000000000
0.0000000000 0.0000000000 0.0000000000
0.0000000000 0.0000000000 0.0000000000
0.0000000000 0.0000000000 0.0000000000
0.0000000000 0.0000000000 0.0000000000
0.0000000000 0.0000000000 0.0000000000
0.0000000000 0.0000000000 0.0000000000
0.0000000000 0.0000000000 0.0000000000
0.0000000000 0.0000000000 0.0000000000
0.0000000000 0.0000000000 0.0000000000
0.0000000000 0.0000000000 0.0000000000
0.0000000000 0.0000000000 0.0000000000
0.0000000000 0.0000000000 0.0000000000
0.0000000000 0.0000000000 0.0000000000
0.0000000000 0.0000000000 0.0000000000
0.0000000000 0.0000000000 0.0000000000
0.0000000000 0.0000000000 0.0000000000
0.0000000000 0.0000000000 0.0000000000
0.0000000000 0.0000000000 0.0000000000
0.0000000000 0.0000000000 0.0000000000
0.0000000000 0.0000000000 0.0000000000
0.0000000000 0.0000000000 0.0000000000
0.0000000000 0.0000000000 0.0000000000
0.0000000000 0.0000000000 0.0000000000
0.0000000000 0.0000000000 0.0000000000
0.0000000000 0.0000000000 0.0000000000
0.0000000000 0.0000000000 0.0000000000
0.0000000000 0.0000000000 0.0000000000
0.0000000000 0.0000000000 0.0000000000
0.0000000000 0.0000000000 0.0000000000
0.0000000000 0.0000000000 0.0000000000
0.0000000000 0.0000000000 0.0000000000
0.0000000000 0.0000000000 0.0000000000
0.0000000000 0.0000000000 0.0000000000
0.0000000000 0.0000000000 0.0000000000
0.0000000000 0.0000000000 0.0000000000
0.0000000000 0.0000000000 0.0000000000
0.0000000000 0.0000000000 0.0000000000
0.0000000000 0.0000000000 0.0000000000
0.0000000000 0.0000000000 0.0000000000
0.0000000000 0.0000000000 0.0000000000
0.0000000000 0.0000000000 0.0000000000
0.0000000000 0.0000000000 0.0000000000
0.0000000000 0.0000000000 0.0000000000
0.0000000000 0.0000000000 0.0000000000
0.0000000000 0.0000000000 0.0000000000
0.0000000000 0.0000000000 0.0000000000
0.0000000000 0.0000000000 0.0000000000
0.0000000000 0.0000000000 0.0000000000
0.0000000000 0.0000000000 0.0000000000
0.0000000000 0.0000000000 0.0000000000
0.0000000000 0.0000000000 0.0000000000
0.0000000000 0.0000000000 0.0000000000
0.0000000000 0.0000000000 0.0000000000
0.0000000000 0.0000000000 0.0000000000
0.0000000000 0.0000000000 0.0000000000
0.0000000000 0.0000000000 0.0000000000
0.0000000000 0.0000000000 0.0000000000
0.0000000000 0.0000000000 0.0000000000
0.0000000000 0.0000000000 0.0000000000
0.0000000000 0.0000000000 0.0000000000
0.0000000000 0.0000000000 0.0000000000
0.0000000000 0.0000000000 0.0000000000
0.0000000000 0.0000000000 0.0000000000
0.0000000000 0.0000000000 0.0000000000
0.0000000000 0.0000000000 0.0000000000
0.0000000000 0.0000000000 0.0000000000
0.0000000000 0.0000000000 0.0000000000
0.0000000000 0.0000000000 0.0000000000
0.0000000000 0.0000000000 0.0000000000
0.0000000000 0.0000000000 0.0000000000
0.0000000000 0.0000000000 0.0000000000
0.0000000000 0.0000000000 0.0000000000
0.0000000000 0.0000000000 0.0000000000
0.0000000000 0.0000000000 0.0000000000
0.0000000000 0.0000000000 0.0000000000
0.0000000000 0.0000000000 0.0000000000
0.0000000000 0.0000000000 0.0000000000
0.0000000000 0.0000000000 0.0000000000
0.0000000000 0.0000000000 0.0000000000
0.0000000000 0.0000000000 0.0000000000
0.0000000000 0.0000000000 0.0000000000
0.0000000000 0.0000000000 0.0000000000
0.0000000000 0.0000000000 0.0000000000
0.0000000000 0.0000000000 0.0000000000
0.0000000000 0.0000000000 0.0000000000
0.0000000000 0.0000000000 0.0000000000
0.0000000000 0.0000000000 0.0000000000
0.0000000000 0.0000000000 0.0000000000
0.0000000000 0.0000000000 0.0000000000
0.0000000000 0.0000000000 0.0000000000
0.0000000000 0.0000000000 0.0000000000
0.0000000000 0.0000000000 0.0000000000
0.0000000000 0.0000000000 0.0000000000
0.0000000000 0.0000000000 0.0000000000
0.0000000000 0.0000000000 0.0000000000
0.0000000000 0.0000000000 0.0000000000
0.0000000000 0.0000000000 0.0000000000
0.0000000000 0.0000000000 0.0000000000
0.0000000000 0.0000000000 0.0000000000
0.0000000000 0.0000000000 0.0000000000
0.0000000000 0.0000000000 0.0000000000
0.0000000000 0.0000000000 0.0000000000
0.0000000000 0.0000000000 0.0000000000
0.0000000000 0.0000000000 0.0000000000
0.0000000000 0.0000000000 0.0000000000
0.0000000000 0.0000000000 0.0000000000
0.0000000000 0.0000000000 0.0000000000
0.0000000000 0.0000000000 0.0000000000
0.0000000000 0.0000000000 0.0000000000
0.0000000000 0.0000000000 0.0000000000
0.0000000000 0.0000000000 0.0000000000
0.0000000000 0.0000000000 0.0000000000
0.0000000000 0.0000000000 0.0000000000
0.0000000000 0.0000000000 0.0000000000
0.0000000000 0.0000000000 0.0000000000
0.0000000000 0.0000000000 0.0000000000
0.0000000000 0.0000000000 0.0000000000
0.0000000000 0.0000000000 0.0000000000
0.0000000000 0.0000000000 0.0000000000
0.0000000000 0.0000000000 0.0000000000
0.0000000000 0.0000000000 0.0000000000
0.0000000000 0.0000000000 0.0000000000
0.0000000000 0.0000000000 0.0000000000
0.0000000000 0.0000000000 0.0000000000
0.0000000000 0.0000000000 0.0000000000
