0.0974087198 0.0942567183 0.0748212925
0.0979395455 0.0939360143 0.0720008566
0.0991944337 0.0923880168 0.0648172138
0.0985860113 0.0877218340 0.0589193032
0.0900350207 0.0793401669 0.0627819458
0.0759506461 0.0728610996 0.0692222986
0.0665667976 0.0708005865 0.0659017024
0.0635872472 0.0701840433 0.0554963210
0.0651462136 0.0688487603 0.0434192695
0.0695523978 0.0657565583 0.0333197550
0.0746723789 0.0606633027 0.0280860743
0.0775048007 0.0547878009 0.0296175608
0.0756088888 0.0511391230 0.0369893341
0.0698088071 0.0525553044 0.0456935522
0.0643390937 0.0585825018 0.0509121237
0.0629430958 0.0657013830 0.0516077698
0.0659923862 0.0707805705 0.0500371099
0.0715097791 0.0730058070 0.0486218593
0.0772406494 0.0732297440 0.0484185070
0.0816138679 0.0727482540 0.0493932056
0.0838816222 0.0725403794 0.0510783872
0.0840725232 0.0729580562 0.0529461527
0.0828371308 0.0737664114 0.0545122685
0.0810717710 0.0744690300 0.0553828596
0.0794565779 0.0746660801 0.0553498231
0.0782190768 0.0741993846 0.0544774092
0.0772087190 0.0730882801 0.0530726840
0.0761329640 0.0714319645 0.0515220783
0.0747649820 0.0693817244 0.0500840942
0.0730225707 0.0671456307 0.0487895294
0.0709374890 0.0649384771 0.0475263671
0.0685979086 0.0628724764 0.0462132138
0.0661193601 0.0608985204 0.0448930764
0.0636260154 0.0588871100 0.0436678591
0.0612175463 0.0567920606 0.0425573140
0.0589453487 0.0547200703 0.0414532368
0.0568253008 0.0528214856 0.0402230890
0.0548695097 0.0511434702 0.0388345204
0.0530934344 0.0496142372 0.0373665169
0.0514927139 0.0481523284 0.0359218284
0.0500233508 0.0467528637 0.0345549325
0.0486192183 0.0454535781 0.0332933813
0.0472303495 0.0442421055 0.0321973201
0.0458467179 0.0430394527 0.0313519536
0.0444929018 0.0417844288 0.0307830534
0.0432081910 0.0405070951 0.0304020960
0.0420294946 0.0392985677 0.0300571689
0.0409805033 0.0382287511 0.0296334369
0.0400596308 0.0373106919 0.0291016761
0.0392381504 0.0365306486 0.0284935807
0.0384766435 0.0358783485 0.0278467345
0.0377570535 0.0353408562 0.0271783138
0.0370928106 0.0348786135 0.0265010498
0.0364994615 0.0344256528 0.0258542957
0.0359580551 0.0339199652 0.0253114073
0.0354186328 0.0333363544 0.0249428441
0.0348456287 0.0326994647 0.0247521291
0.0342559402 0.0320743507 0.0246431288
0.0337058263 0.0315363950 0.0244692107
0.0332389273 0.0311266438 0.0241355646
0.0328511341 0.0308218577 0.0236681201
0.0325001657 0.0305481656 0.0231898769
0.0321407082 0.0302357956 0.0228227521
0.0317520894 0.0298717745 0.0225983674
0.0313421231 0.0294976461 0.0224610635
0.0309291476 0.0291463166 0.0223488821
0.0305325784 0.0287976695 0.0222581228
0.0301692938 0.0284052113 0.0222126589
0.0298532891 0.0279714563 0.0221904860
0.0295838117 0.0275714732 0.0221066943
0.0293412195 0.0272958722 0.0218843960
0.0290966126 0.0271702998 0.0215269432
0.0288361366 0.0271353247 0.0211150234
0.0285754571 0.0270985171 0.0207331598
0.0283466712 0.0270038349 0.0204097484
0.0281650500 0.0268493479 0.0201356674
0.0280065907 0.0266499517 0.0199245157
0.0278231485 0.0264068319 0.0198294790
0.0275827457 0.0261175576 0.0198886502
0.0272994943 0.0258038462 0.0200607187
0.0270266485 0.0255172404 0.0202291811
0.0268162839 0.0253090570 0.0202763393
0.0266839883 0.0251948205 0.0201618202
0.0266041504 0.0251439984 0.0199386836
0.0265356116 0.0251059538 0.0196977383
0.0264540859 0.0250505871 0.0194935376
0.0263580473 0.0249783470 0.0193204643
0.0262548601 0.0248974440 0.0191603594
0.0261407903 0.0247944715 0.0190302678
0.0260033186 0.0246436247 0.0189714184
0.0258391840 0.0244435664 0.0189901511
0.0256646968 0.0242339744 0.0190283116
0.0255035918 0.0240663923 0.0190090111
0.0253620337 0.0239589703 0.0189068055
0.0252231356 0.0238882745 0.0187678624
0.0250649035 0.0238180190 0.0186569755
0.0248880445 0.0237325031 0.0185915274
0.0247225424 0.0236392357 0.0185322039
0.0246030156 0.0235461276 0.0184342157
0.0245362441 0.0234470966 0.0182973667
0.0244927606 0.0233326819 0.0181638561
0.0244320585 0.0232071053 0.0180732668
0.0243380245 0.0230851173 0.0180273645
0.0242291441 0.0229711249 0.0179999514
0.0241342530 0.0228513697 0.0179723104
0.0240585548 0.0227137569 0.0179496728
0.0239759996 0.0225715321 0.0179448722
0.0238573948 0.0224555046 0.0179540858
0.0237065686 0.0223823718 0.0179548796
0.0235610372 0.0223373987 0.0179216264
0.0234587267 0.0222950101 0.0178408671
0.0234060147 0.0222464044 0.0177161600
0.0233785282 0.0221997708 0.0175668443
0.0233462375 0.0221599098 0.0174221780
0.0232937115 0.0221195090 0.0173084811
0.0232214897 0.0220709958 0.0172348972
0.0231370614 0.0220171093 0.0171914311
0.0230482667 0.0219644438 0.0171633784
0.0229605502 0.0219112136 0.0171469256
0.0228754227 0.0218490067 0.0171492210
0.0227909508 0.0217762589 0.0171730906
0.0227076406 0.0217043494 0.0172045209
0.0226344768 0.0216462876 0.0172177770
0.0225856494 0.0216020541 0.0171953234
0.0225657400 0.0215586341 0.0171438489
0.0225586114 0.0215056969 0.0170900671
0.0225371457 0.0214473956 0.0170576310
0.0224886853 0.0213949634 0.0170474900
0.0224282632 0.0213498809 0.0170415589
0.0223828975 0.0213007070 0.0170231361
0.0223630930 0.0212397785 0.0169898658
0.0223524409 0.0211799788 0.0169469877
0.0223261332 0.0211476178 0.0168943901
0.0222767560 0.0211542450 0.0168290828
0.0222178801 0.0211771051 0.0167614457
0.0221650601 0.0211738043 0.0167207712
0.0221183541 0.0211206073 0.0167327899
0.0220671278 0.0210372614 0.0167882304
0.0220091853 0.0209697333 0.0168401155
0.0219601584 0.0209464320 0.0168403626
0.0219417192 0.0209523580 0.0167803327
0.0219612848 0.0209465539 0.0166943975
0.0220026637 0.0209041649 0.0166254076
0.0220344456 0.0208405058 0.0165900232
0.0220277505 0.0207943031 0.0165777213
0.0219709897 0.0207897235 0.0165755424
0.0218756339 0.0208154868 0.0165841515
0.0217714547 0.0208382871 0.0166085949
0.0216914488 0.0208338839 0.0166411200
0.0216534042 0.0208049406 0.0166617563
0.0216509135 0.0207719281 0.0166570125
0.0216610387 0.0207526207 0.0166336661
0.0216612142 0.0207507199 0.0166117805
0.0216433102 0.0207584072 0.0166070731
0.0216162877 0.0207634231 0.0166205891
0.0215981550 0.0207552655 0.0166411002
0.0216035670 0.0207311195 0.0166529432
0.0216341448 0.0206987724 0.0166437807
0.0216769611 0.0206711691 0.0166122777
0.0217122618 0.0206551355 0.0165722311
0.0217251860 0.0206452881 0.0165459175
0.0217138690 0.0206303076 0.0165484933
0.0216886011 0.0206046835 0.0165763492
0.0216638445 0.0205738957 0.0166096473
0.0216505572 0.0205497947 0.0166256188
0.0216531984 0.0205418241 0.0166109401
0.0216698049 0.0205521506 0.0165667912
0.0216910883 0.0205776389 0.0165074532
0.0217002990 0.0206146956 0.0164554800
0.0216797450 0.0206596310 0.0164342831
0.0216239345 0.0207039133 0.0164585583
0.0215483691 0.0207333009 0.0165259816
0.0214818161 0.0207364403 0.0166163583
0.0214460644 0.0207152871 0.0167025840
0.0214421106 0.0206842935 0.0167668246
0.0214564039 0.0206581037 0.0168067421
0.0214796002 0.0206415801 0.0168260846
0.0215162675 0.0206309243 0.0168230580
0.0215749357 0.0206211434 0.0167930360
0.0216505891 0.0206119766 0.0167418945
0.0217196028 0.0206091624 0.0166895553
0.0217556543 0.0206217520 0.0166559461
0.0217516847 0.0206550306 0.0166441868
0.0217257427 0.0207042948 0.0166409506
0.0217044018 0.0207558751 0.0166331515
0.0217008132 0.0207947159 0.0166236627
0.0217072433 0.0208110391 0.0166319736
0.0217065886 0.0208032201 0.0166787821
0.0216907308 0.0207789565 0.0167645571
0.0216701763 0.0207540376 0.0168605655
0.0216670399 0.0207442234 0.0169249912
0.0216972529 0.0207543986 0.0169342461
0.0217554933 0.0207765842 0.0169015024
0.0218152358 0.0208006447 0.0168652539
0.0218461671 0.0208253414 0.0168587393
0.0218371118 0.0208557277 0.0168879719
0.0218054132 0.0208905014 0.0169348517
0.0217839138 0.0209176991 0.0169764872
0.0217953356 0.0209262049 0.0170004386
0.0218358762 0.0209196123 0.0170078178
0.0218807993 0.0209146960 0.0170089049
0.0219054039 0.0209260905 0.0170164347
0.0219034621 0.0209544749 0.0170378207
0.0218900881 0.0209890955 0.0170696058
0.0218889229 0.0210186103 0.0170992033
0.0219153667 0.0210395324 0.0171140529
0.0219677394 0.0210570839 0.0171102622
0.0220306384 0.0210796700 0.0170948621
0.0220855885 0.0211103413 0.0170834794
0.0221205479 0.0211411505 0.0170958200
0.0221342053 0.0211579703 0.0171465181
0.0221349609 0.0211548625 0.0172309439
0.0221362819 0.0211450755 0.0173184986
0.0221499160 0.0211539555 0.0173684677
0.0221788158 0.0211956353 0.0173619774
0.0222152265 0.0212570004 0.0173221084
0.0222454959 0.0213068374 0.0172980599
0.0222598973 0.0213248926 0.0173236470
0.0222592664 0.0213226871 0.0173874052
0.0222530909 0.0213339026 0.0174448169
0.0222517212 0.0213809725 0.0174619798
0.0222612723 0.0214503768 0.0174477849
0.0222842490 0.0215031785 0.0174415584
0.0223218587 0.0215131423 0.0174700457
0.0223725182 0.0214921691 0.0175216979
0.0224286383 0.0214760611 0.0175656011
0.0224777374 0.0214886047 0.0175890190
0.0225098664 0.0215228773 0.0176091673
0.0225262732 0.0215555784 0.0176487926
0.0225403075 0.0215729345 0.0177077530
0.0225675473 0.0215793309 0.0177642627
0.0226129554 0.0215878607 0.0177992553
0.0226658969 0.0216107810 0.0178118108
0.0227086784 0.0216567442 0.0178127533
0.0227324572 0.0217268175 0.0178115880
0.0227456693 0.0218078602 0.0178137974
0.0227669022 0.0218754465 0.0178258823
0.0228088978 0.0219107694 0.0178540180
0.0228691177 0.0219175102 0.0178966226
0.0229325909 0.0219194144 0.0179437819
0.0229817310 0.0219402199 0.0179880970
0.0230056625 0.0219864175 0.0180332417
0.0230059773 0.0220476395 0.0180871443
0.0229977390 0.0221095545 0.0181475775
0.0230027561 0.0221632008 0.0181992962
0.0230369322 0.0222047227 0.0182282948
0.0230998168 0.0222321967 0.0182367129
0.0231747628 0.0222463740 0.0182415985
0.0232399273 0.0222534683 0.0182600175
0.0232811356 0.0222639632 0.0182961888
0.0232976480 0.0222865178 0.0183418602
0.0232987078 0.0223212782 0.0183866086
0.0232965956 0.0223592938 0.0184265696
0.0233013572 0.0223897098 0.0184621443
0.0233196710 0.0224094035 0.0184888583
0.0233555126 0.0224244251 0.0184954364
0.0234081031 0.0224405926 0.0184760280
0.0234665465 0.0224557176 0.0184445642
0.0235072303 0.0224647537 0.0184307206
0.0235058826 0.0224730002 0.0184566813
0.0234570505 0.0224930104 0.0185142768
0.0233871831 0.0225281169 0.0185711478
0.0233400987 0.0225617627 0.0185966196
0.0233448880 0.0225726058 0.0185832076
0.0233897179 0.0225569296 0.0185464099
0.0234314243 0.0225343130 0.0185129573
0.0234310802 0.0225240923 0.0185031874
0.0233876028 0.0225251216 0.0185188250
0.0233355786 0.0225210788 0.0185410338
0.0233113733 0.0224993431 0.0185437897
0.0233239729 0.0224599415 0.0185178933
0.0233517221 0.0224090275 0.0184825139
0.0233612152 0.0223533388 0.0184691249
0.0233324562 0.0223029284 0.0184914625
0.0232723560 0.0222691696 0.0185324223
0.0232090877 0.0222538641 0.0185619215
0.0231725665 0.0222441440 0.0185626506
0.0231765468 0.0222246655 0.0185368627
0.0232138739 0.0221928753 0.0184948057
0.0232658087 0.0221586999 0.0184451756
0.0233141017 0.0221315163 0.0183960433
0.0233461635 0.0221136844 0.0183566870
0.0233550284 0.0221062062 0.0183317149
0.0233419077 0.0221125448 0.0183146762
0.0233201702 0.0221310512 0.0182921008
0.0233109721 0.0221482450 0.0182555101
0.0233272020 0.0221484741 0.0182084976
0.0233583722 0.0221334340 0.0181625030
0.0233740174 0.0221273623 0.0181271491
0.0233481782 0.0221571577 0.0181045795
0.0232844225 0.0222262852 0.0180899911
0.0232168023 0.0223101853 0.0180752997
0.0231839452 0.0223767402 0.0180551834
0.0231977612 0.0224101269 0.0180356397
0.0232313140 0.0224188481 0.0180384625
0.0232362388 0.0224274020 0.0180915994
0.0231792154 0.0224601229 0.0182063180
0.0230703336 0.0225273042 0.0183619842
0.0229569156 0.0226204743 0.0185172963
0.0228880123 0.0227195309 0.0186418498
0.0228804536 0.0228044318 0.0187402545
0.0229150489 0.0228635860 0.0188487233
0.0229604843 0.0228946714 0.0190046462
0.0230020662 0.0229061510 0.0192170079
0.0230459878 0.0229172295 0.0194619248
0.0231023036 0.0229502494 0.0197052342
0.0231757848 0.0230176440 0.0199298037
0.0232739878 0.0231110251 0.0201384178
0.0234180099 0.0232070291 0.0203330973
0.0236360671 0.0232902528 0.0205009582
0.0239359792 0.0233677343 0.0206259598
0.0242885099 0.0234634917 0.0207162821
0.0246438318 0.0235977032 0.0208052687
0.0249778269 0.0237744157 0.0209155279
0.0253236027 0.0239849988 0.0210236467
0.0257475726 0.0242164396 0.0210719200
0.0262904028 0.0244607562 0.0210252927
0.0269225975 0.0247219660 0.0209142988
0.0275547113 0.0250167188 0.0208171476
0.0281067477 0.0253672976 0.0207970964
0.0285706224 0.0257817993 0.0208529265
0.0290049378 0.0262439988 0.0209361530
0.0294701059 0.0267251245 0.0210090602
0.0299735625 0.0272064067 0.0210815884
0.0304718719 0.0276884839 0.0211983025
0.0309189710 0.0281801261 0.0213965707
0.0313092726 0.0286830068 0.0216793263
0.0316697622 0.0291883771 0.0220258681
0.0320168819 0.0296860622 0.0224271392
0.0323324703 0.0301723833 0.0229061659
0.0325846418 0.0306479337 0.0234949872
0.0327725878 0.0311154136 0.0241888760
0.0329427622 0.0315801732 0.0249288172
0.0331540113 0.0320480435 0.0256411106
0.0334229087 0.0325192383 0.0263020452
0.0337030360 0.0329874018 0.0269648741
0.0339216469 0.0334450400 0.0277113707
0.0340507120 0.0338923265 0.0285664252
0.0341429538 0.0343374248 0.0294584697
0.0342951313 0.0347894150 0.0302697339
0.0345686186 0.0352491097 0.0309277735
0.0349377747 0.0357101682 0.0314645653
0.0353041968 0.0361659177 0.0319916551
0.0355763299 0.0366178785 0.0326043712
0.0357530355 0.0370756728 0.0332909420
0.0359323788 0.0375480583 0.0339318404
0.0362342596 0.0380375133 0.0343904844
0.0367047033 0.0385421116 0.0346147485
0.0372811357 0.0390550535 0.0346766287
0.0378444360 0.0395551840 0.0347236759
0.0383204569 0.0400095195 0.0348691710
0.0387434088 0.0403994580 0.0350930458
0.0392265936 0.0407461865 0.0352458918
0.0398717021 0.0410920772 0.0351696420
0.0406945464 0.0414465090 0.0348363710
0.0416129810 0.0417602793 0.0343860936
0.0424984742 0.0419703749 0.0340254549
0.0432567700 0.0420663639 0.0338661868
0.0438815354 0.0420972887 0.0338627306
0.0444297099 0.0421048627 0.0339050838
0.0449509387 0.0420737994 0.0339548685
0.0454338258 0.0419531913 0.0340762202
0.0458180626 0.0417232703 0.0343532188
0.0460505621 0.0414295188 0.0347922933
0.0461277437 0.0411540512 0.0353088366
0.0460832473 0.0409594063 0.0357972974
0.0459472944 0.0408574411 0.0362107332
0.0457258680 0.0408130766 0.0365808290
0.0454186990 0.0407700348 0.0369687500
0.0450498134 0.0406866777 0.0373928735
0.0446707757 0.0405636113 0.0377991341
0.0443263298 0.0404377987 0.0380999661
0.0440218152 0.0403499098 0.0382474178
0.0437224047 0.0403118148 0.0382687483
0.0433850831 0.0403017364 0.0382347590
0.0429965470 0.0402857673 0.0381968786
0.0425844942 0.0402399363 0.0381526312
0.0421940730 0.0401563561 0.0380626608
0.0418517114 0.0400407694 0.0378920533
0.0415458572 0.0399108900 0.0376371596
0.0412366743 0.0397887527 0.0373204998
0.0408896388 0.0396863518 0.0369688706
0.0405043880 0.0395935895 0.0365955064
0.0401144649 0.0394823441 0.0361980468
0.0397578436 0.0393251058 0.0357659332
0.0394477863 0.0391185326 0.0352910214
0.0391636024 0.0388882497 0.0347718284
0.0388688654 0.0386680271 0.0342146117
0.0385412842 0.0384691811 0.0336335752
0.0381884807 0.0382703641 0.0330466527
0.0378364385 0.0380390906 0.0324630214
0.0375062705 0.0377651059 0.0318733831
0.0371998489 0.0374684591 0.0312556162
0.0369048498 0.0371756379 0.0305975267
0.0366061606 0.0368886759 0.0299133924
0.0362957227 0.0365850720 0.0292374121
0.0359726178 0.0362435151 0.0285933790
0.0356412046 0.0358681110 0.0279714767
0.0353092044 0.0354852856 0.0273350352
0.0349843446 0.0351185281 0.0266518791
0.0346689176 0.0347650043 0.0259225435
0.0343590515 0.0343973115 0.0251832720
0.0340457994 0.0339853767 0.0244773294
0.0337214088 0.0335242178 0.0238218832
0.0333825163 0.0330391739 0.0231968933
0.0330313487 0.0325656227 0.0225661761
0.0326741401 0.0321203756 0.0219090435
0.0323182366 0.0316904269 0.0212348075
0.0319690021 0.0312477772 0.0205702948
0.0316280539 0.0307751926 0.0199355767
0.0312916428 0.0302772134 0.0193298787
0.0309553777 0.0297739488 0.0187398728
0.0306154335 0.0292804665 0.0181536078
0.0302726187 0.0287966074 0.0175703733
0.0299324185 0.0283107927 0.0169986218
0.0295980162 0.0278113528 0.0164460090
0.0292672908 0.0273008450 0.0159141485
0.0289303871 0.0267941483 0.0153971757
0.0285789944 0.0263072864 0.0148876798
0.0282159475 0.0258414982 0.0143819296
0.0278571100 0.0253790188 0.0138816552
0.0275215115 0.0248970663 0.0133925457
0.0272126106 0.0243867439 0.0129203513
0.0269106685 0.0238643492 0.0124701498
0.0265829224 0.0233600067 0.0120464773
0.0262096509 0.0228918699 0.0116524757
0.0258045574 0.0224484287 0.0112864209
0.0254078898 0.0219976871 0.0109395333
0.0250541233 0.0215157993 0.0106004648
0.0247411694 0.0210092689 0.0102649413
0.0244288867 0.0205119749 0.0099407679
0.0240716159 0.0200587429 0.0096406772
0.0236590672 0.0196557936 0.0093694218
0.0232274994 0.0192729719 0.0091199162
0.0228303056 0.0188657166 0.0088818293
0.0224960502 0.0184098390 0.0086500027
0.0222092211 0.0179225134 0.0084231592
0.0219256711 0.0174511734 0.0081985601
0.0216077274 0.0170364556 0.0079736880
0.0212475773 0.0166810287 0.0077541257
0.0208606875 0.0163539535 0.0075559902
0.0204625187 0.0160226971 0.0073970418
0.0200558833 0.0156783298 0.0072834972
0.0196395166 0.0153338210 0.0072026581
0.0192237329 0.0150044692 0.0071265930
0.0188328174 0.0146914214 0.0070275003
0.0184878995 0.0143799106 0.0068976276
0.0181863557 0.0140518612 0.0067588235
0.0178971051 0.0137029564 0.0066490662
0.0175792916 0.0133518567 0.0065924005
0.0172111977 0.0130309752 0.0065773942
0.0168057044 0.0127629011 0.0065655237
0.0163991621 0.0125426143 0.0065223127
0.0160238045 0.0123418035 0.0064428817
0.0156858597 0.0121308964 0.0063520113
0.0153657257 0.0118997578 0.0062820860
0.0150386519 0.0116593995 0.0062482731
0.0146985157 0.0114254571 0.0062406511
0.0143634368 0.0112017485 0.0062355465
0.0140592403 0.0109815948 0.0062118510
0.0137961172 0.0107633397 0.0061601059
0.0135577090 0.0105591898 0.0060847925
0.0133116269 0.0103849412 0.0060038012
0.0130338388 0.0102419629 0.0059412869
0.0127279365 0.0101133870 0.0059107004
0.0124230974 0.0099794373 0.0059008849
0.0121519062 0.0098327845 0.0058833216
0.0119281170 0.0096786244 0.0058369356
0.0117403215 0.0095245898 0.0057652353
0.0115640915 0.0093751209 0.0056896581
0.0113810139 0.0092329145 0.0056269577
0.0111895271 0.0091014056 0.0055748880
0.0109990434 0.0089837380 0.0055197040
0.0108155930 0.0088811258 0.0054534741
0.0106346288 0.0087937930 0.0053809088
0.0104472688 0.0087218032 0.0053116100
0.0102522142 0.0086620324 0.0052503330
0.0100608582 0.0086038325 0.0051959947
0.0098911583 0.0085306179 0.0051467846
0.0097555929 0.0084297053 0.0051026833
0.0096521457 0.0083035970 0.0050630054
0.0095651100 0.0081720965 0.0050238056
0.0094749610 0.0080606001 0.0049790414
0.0093706401 0.0079838235 0.0049249447
0.0092545379 0.0079375147 0.0048633249
0.0091377715 0.0079033661 0.0048014560
0.0090307133 0.0078618621 0.0047485787
0.0089361667 0.0078040284 0.0047107637
0.0088497128 0.0077345405 0.0046872092
0.0087662139 0.0076646084 0.0046707708
0.0086860514 0.0076017951 0.0046521966
0.0086143867 0.0075464293 0.0046246319
0.0085543665 0.0074960568 0.0045864602
0.0085019470 0.0074498663 0.0045422717
0.0084483585 0.0074081597 0.0045006790
0.0083875302 0.0073711089 0.0044676992
0.0083203251 0.0073406551 0.0044400449
0.0082516752 0.0073211939 0.0044076452
0.0081845504 0.0073135139 0.0043664236
0.0081181894 0.0073081731 0.0043274436
0.0080517656 0.0072897076 0.0043082123
0.0079883590 0.0072509297 0.0043131325
0.0079338319 0.0072007428 0.0043263672
0.0078915098 0.0071552324 0.0043269558
0.0078583344 0.0071230059 0.0043090217
0.0078259690 0.0071008658 0.0042848567
0.0077867234 0.0070821368 0.0042698368
0.0077389111 0.0070645797 0.0042681248
0.0076867890 0.0070486301 0.0042745525
0.0076361465 0.0070320394 0.0042852902
0.0075905946 0.0070106368 0.0043009352
0.0075514964 0.0069838703 0.0043205943
0.0075195033 0.0069563368 0.0043387777
0.0074941052 0.0069329931 0.0043504670
0.0074724538 0.0069156961 0.0043567772
0.0074499314 0.0069042921 0.0043624236
0.0074241575 0.0068989758 0.0043693822
0.0073973049 0.0068991864 0.0043755471
0.0073731864 0.0069021470 0.0043791254
0.0073526443 0.0069050432 0.0043818705
0.0073327853 0.0069068827 0.0043875177
0.0073115521 0.0069066377 0.0043992021
0.0072908642 0.0069012655 0.0044178840
0.0072737879 0.0068897965 0.0044411947
0.0072590588 0.0068782442 0.0044640788
0.0072406698 0.0068752038 0.0044838829
0.0072138124 0.0068809392 0.0045054239
0.0071805453 0.0068852551 0.0045372967
0.0071484496 0.0068793120 0.0045805666
0.0071237602 0.0068663136 0.0046247471
0.0071065698 0.0068560450 0.0046592037
0.0070920839 0.0068514032 0.0046859896
0.0070754209 0.0068463727 0.0047167853
0.0070552796 0.0068369912 0.0047574490
0.0070341831 0.0068280222 0.0048005469
0.0070160650 0.0068258701 0.0048352191
0.0070034613 0.0068297675 0.0048599330
0.0069958424 0.0068338868 0.0048817023
0.0069907284 0.0068354581 0.0049061213
0.0069865174 0.0068358446 0.0049331359
0.0069835795 0.0068351989 0.0049616363
0.0069819224 0.0068319524 0.0049924078
0.0069790155 0.0068284455 0.0050247505
0.0069716875 0.0068309181 0.0050544910
0.0069603728 0.0068405328 0.0050793013
0.0069492198 0.0068481463 0.0051039684
0.0069411217 0.0068432526 0.0051366471
0.0069338918 0.0068265767 0.0051792147
0.0069237246 0.0068091497 0.0052245595
0.0069112750 0.0067986518 0.0052647062
0.0069010321 0.0067913107 0.0052996181
0.0068941802 0.0067797737 0.0053365497
0.0068848398 0.0067653943 0.0053809982
0.0068665308 0.0067578562 0.0054299333
0.0068416671 0.0067626409 0.0054746599
0.0068218682 0.0067730834 0.0055093851
0.0068173180 0.0067764410 0.0055359028
0.0068271539 0.0067666474 0.0055609607
0.0068404702 0.0067489321 0.0055899543
0.0068459032 0.0067334831 0.0056236107
0.0068393016 0.0067268525 0.0056587615
0.0068243851 0.0067295585 0.0056903951
0.0068086622 0.0067386559 0.0057132150
0.0067991275 0.0067496276 0.0057244381
0.0067993034 0.0067556831 0.0057279001
0.0068075373 0.0067484057 0.0057346740
0.0068179639 0.0067237451 0.0057560214
0.0068240924 0.0066884635 0.0057923200
0.0068231107 0.0066580925 0.0058306312
0.0068171200 0.0066447130 0.0058560863
0.0068108370 0.0066459182 0.0058663286
0.0068079569 0.0066465026 0.0058738020
0.0068086485 0.0066325073 0.0058930489
0.0068100134 0.0066046922 0.0059260717
0.0068088967 0.0065770299 0.0059610888
0.0068046659 0.0065618764 0.0059850297
0.0067999666 0.0065582438 0.0059957306
0.0067982430 0.0065540358 0.0060018359
0.0068006587 0.0065391318 0.0060127670
0.0068052509 0.0065148891 0.0060290053
0.0068099476 0.0064913861 0.0060419592
0.0068152506 0.0064775117 0.0060417110
0.0068221940 0.0064752986 0.0060249611
0.0068277400 0.0064816580 0.0059984562
0.0068243178 0.0064913061 0.0059762937
0.0068070192 0.0064971569 0.0059712599
0.0067825293 0.0064915610 0.0059843261
0.0067684582 0.0064704079 0.0060005135
0.0067809584 0.0064372873 0.0059980578
0.0068200434 0.0064029803 0.0059652771
0.0068656106 0.0063800198 0.0059103803
0.0068899833 0.0063758877 0.0058553603
0.0068782457 0.0063877053 0.0058194659
0.0068394306 0.0064021633 0.0058072347
0.0067987108 0.0064031933 0.0058089236
0.0067787383 0.0063832852 0.0058083121
0.0067872357 0.0063486079 0.0057909389
0.0068175280 0.0063122945 0.0057507724
0.0068553674 0.0062829700 0.0056944385
0.0068849189 0.0062612042 0.0056388390
0.0068933049 0.0062465420 0.0055986842
0.0068759207 0.0062444308 0.0055730249
0.0068396030 0.0062615788 0.0055468353
0.0067992067 0.0062941506 0.0055075696
0.0067695044 0.0063236898 0.0054583416
0.0067581513 0.0063276057 0.0054142991
0.0067634016 0.0062970659 0.0053863135
0.0067766112 0.0062461668 0.0053682427
0.0067874226 0.0062019686 0.0053420807
0.0067876505 0.0061839208 0.0052958681
0.0067720477 0.0061924509 0.0052347920
0.0067383063 0.0062145231 0.0051757158
0.0066880408 0.0062351935 0.0051331367
0.0066288764 0.0062441043 0.0051103756
0.0065735327 0.0062358956 0.0050995897
0.0065342895 0.0062107762 0.0050877306
0.0065146660 0.0061749709 0.0050645136
0.0065052650 0.0061381623 0.0050298809
0.0064879773 0.0061086031 0.0049948569
0.0064475074 0.0060906011 0.0049713499
0.0063832121 0.0060856223 0.0049585604
0.0063100581 0.0060919247 0.0049418536
0.0062472611 0.0061019542 0.0049083211
0.0062039599 0.0061024887 0.0048622240
0.0061726373 0.0060817620 0.0048241264
0.0061353831 0.0060396292 0.0048137494
0.0060789865 0.0059895707 0.0048309896
0.0060067820 0.0059481378 0.0048544463
0.0059353018 0.0059208216 0.0048602481
0.0058793318 0.0058984957 0.0048421276
0.0058406146 0.0058675218 0.0048128419
0.0058095568 0.0058229519 0.0047883997
0.0057750021 0.0057718828 0.0047737639
0.0057318793 0.0057247705 0.0047636120
0.0056821303 0.0056844470 0.0047533449
0.0056306774 0.0056442554 0.0047451996
0.0055814175 0.0055973719 0.0047426402
0.0055364997 0.0055450628 0.0047422442
0.0054980274 0.0054933957 0.0047353684
0.0054683001 0.0054450337 0.0047166609
0.0054470672 0.0053982994 0.0046880526
0.0054288914 0.0053535847 0.0046546360
0.0054053787 0.0053166841 0.0046190799
0.0053714190 0.0052922467 0.0045814992
0.0053295289 0.0052757024 0.0045437020
0.0052876608 0.0052548433 0.0045099518
0.0052531311 0.0052202647 0.0044820704
0.0052285386 0.0051738481 0.0044554202
0.0052113540 0.0051265540 0.0044210997
0.0051963075 0.0050895723 0.0043731500
0.0051777666 0.0050673901 0.0043132437
0.0051518336 0.0050570426 0.0042489311
0.0051186621 0.0050508405 0.0041884732
0.0050834023 0.0050386531 0.0041370982
0.0050542535 0.0050108716 0.0040961570
0.0050372204 0.0049638311 0.0040627599
0.0050309982 0.0049053214 0.0040300645
0.0050261116 0.0048522531 0.0039900950
0.0050112713 0.0048192308 0.0039394537
0.0049821388 0.0048069390 0.0038824036
0.0049447125 0.0048014688 0.0038273586
0.0049108550 0.0047853720 0.0037804738
0.0048893457 0.0047496165 0.0037421919
0.0048800223 0.0046977967 0.0037091167
0.0048750662 0.0046417145 0.0036774775
0.0048655359 0.0045932128 0.0036443420
0.0048478296 0.0045580523 0.0036076061
0.0048244983 0.0045339052 0.0035667783
0.0048002650 0.0045131005 0.0035245815
0.0047773730 0.0044881003 0.0034863635
0.0047540100 0.0044562093 0.0034565722
0.0047268942 0.0044201672 0.0034355782
0.0046953538 0.0043841057 0.0034196258
0.0046629369 0.0043494027 0.0034033108
0.0046347351 0.0043151349 0.0033824174
0.0046122170 0.0042812549 0.0033556693
0.0045915168 0.0042498164 0.0033255545
0.0045673099 0.0042221658 0.0032970416
0.0045380804 0.0041963198 0.0032743782
0.0045066973 0.0041686043 0.0032587785
0.0044758899 0.0041375352 0.0032491981
0.0044445249 0.0041051204 0.0032447237
0.0044095008 0.0040745369 0.0032454693
0.0043702538 0.0040468049 0.0032506862
0.0043306130 0.0040208098 0.0032571934
0.0042953944 0.0039959500 0.0032600516
0.0042665969 0.0039738670 0.0032549890
0.0042432995 0.0039564458 0.0032404482
0.0042239955 0.0039425026 0.0032191319
0.0042068247 0.0039267988 0.0031981919
0.0041884570 0.0039041116 0.0031867042
0.0041641683 0.0038747156 0.0031894496
0.0041309959 0.0038456848 0.0032020879
0.0040909802 0.0038257441 0.0032133376
0.0040504832 0.0038182582 0.0032128103
0.0040161136 0.0038190786 0.0031981558
0.0039900855 0.0038198805 0.0031759356
0.0039693670 0.0038140487 0.0031567979
0.0039486857 0.0038000614 0.0031480420
0.0039253668 0.0037813512 0.0031488407
0.0039015704 0.0037633857 0.0031509264
0.0038821925 0.0037502843 0.0031443591
0.0038703821 0.0037430675 0.0031245512
0.0038640602 0.0037400488 0.0030956378
0.0038563780 0.0037385996 0.0030678862
0.0038405755 0.0037367288 0.0030508538
0.0038156901 0.0037332311 0.0030472174
0.0037876664 0.0037268152 0.0030518864
0.0037649279 0.0037165732 0.0030568655
0.0037517465 0.0037032635 0.0030565566
0.0037459098 0.0036901845 0.0030499087
0.0037419289 0.0036812058 0.0030384185
0.0037370335 0.0036778740 0.0030231762
0.0037334856 0.0036782588 0.0030035795
0.0037349766 0.0036789469 0.0029790565
0.0037412145 0.0036778176 0.0029521254
0.0037465595 0.0036745921 0.0029292922
0.0037443991 0.0036694654 0.0029178191
0.0037332437 0.0036621833 0.0029199396
0.0037188396 0.0036529751 0.0029294926
0.0037099217 0.0036439714 0.0029350299
0.0037113210 0.0036386555 0.0029277023
0.0037208566 0.0036391965 0.0029076323
0.0037320293 0.0036439387 0.0028834621
0.0037395338 0.0036481970 0.0028655707
0.0037426431 0.0036482380 0.0028583346
0.0037440791 0.0036443336 0.0028578878
0.0037467926 0.0036396955 0.0028571748
0.0037516805 0.0036364215 0.0028525676
0.0037577850 0.0036334549 0.0028461035
0.0037635531 0.0036283224 0.0028420499
0.0037680632 0.0036203869 0.0028420920
0.0037715055 0.0036116105 0.0028441280
0.0037747122 0.0036039752 0.0028454718
0.0037781700 0.0035968583 0.0028463958
0.0037816055 0.0035878278 0.0028500708
0.0037841997 0.0035757972 0.0028587541
0.0037854239 0.0035633063 0.0028703731
0.0037856486 0.0035553115 0.0028790873
0.0037861048 0.0035553747 0.0028798148
0.0037879258 0.0035620289 0.0028726870
0.0037915841 0.0035689626 0.0028638718
0.0037966096 0.0035691490 0.0028611928
0.0038019611 0.0035606135 0.0028678951
0.0038064120 0.0035485628 0.0028798138
0.0038089278 0.0035413381 0.0028891532
0.0038089916 0.0035436031 0.0028915564
0.0038066182 0.0035530128 0.0028895150
0.0038023973 0.0035633723 0.0028891490
0.0037973691 0.0035706000 0.0028935553
0.0037929724 0.0035759458 0.0028995590
0.0037906334 0.0035837437 0.0029009037
0.0037908608 0.0035962390 0.0028943625
0.0037930449 0.0036107222 0.0028831570
0.0037961304 0.0036213309 0.0028745702
0.0037992684 0.0036240188 0.0028738539
0.0038016404 0.0036204777 0.0028800901
0.0038018556 0.0036172372 0.0028879448
0.0037981034 0.0036204676 0.0028931298
0.0037895619 0.0036311766 0.0028956659
0.0037782399 0.0036451049 0.0028982619
0.0037688601 0.0036563453 0.0029023662
0.0037664409 0.0036611393 0.0029068071
0.0037731171 0.0036591057 0.0029096684
0.0037869850 0.0036528204 0.0029104716
0.0038032853 0.0036464557 0.0029099352
0.0038172739 0.0036441045 0.0029088467
0.0038263242 0.0036476778 0.0029078857
0.0038302151 0.0036559398 0.0029085465
0.0038299429 0.0036655012 0.0029131657
0.0038269717 0.0036732704 0.0029233879
0.0038232836 0.0036780285 0.0029380190
0.0038219147 0.0036805614 0.0029527091
0.0038261997 0.0036823902 0.0029617932
0.0038382677 0.0036847027 0.0029614789
0.0038575237 0.0036875838 0.0029519152
0.0038806809 0.0036903624 0.0029373301
0.0039024937 0.0036924295 0.0029238818
0.0039173827 0.0036945326 0.0029168450
0.0039213981 0.0036989807 0.0029181860
0.0039141801 0.0037082866 0.0029258812
0.0038996353 0.0037228908 0.0029354780
0.0038846552 0.0037396645 0.0029430923
0.0038763991 0.0037527384 0.0029475475
0.0038793482 0.0037571562 0.0029496059
0.0038933954 0.0037533333 0.0029490759
0.0039141987 0.0037479073 0.0029437210
0.0039354453 0.0037485404 0.0029321510
0.0039516830 0.0037576029 0.0029178341
0.0039596441 0.0037708579 0.0029085877
0.0039587667 0.0037825169 0.0029112142
0.0039509228 0.0037905669 0.0029255570
0.0039401866 0.0037976345 0.0029442353
0.0039316666 0.0038068245 0.0029583669
0.0039295335 0.0038174512 0.0029640084
0.0039355484 0.0038253227 0.0029637945
0.0039484952 0.0038266768 0.0029630045
0.0039649265 0.0038220707 0.0029648639
0.0039804831 0.0038163900 0.0029690288
0.0039916228 0.0038151382 0.0029735372
0.0039972736 0.0038204308 0.0029774297
0.0039990785 0.0038299462 0.0029814005
0.0040000734 0.0038394978 0.0029868262
0.0040023963 0.0038461201 0.0029944151
0.0040063981 0.0038498276 0.0030039058
0.0040109995 0.0038527142 0.0030140975
0.0040153851 0.0038569266 0.0030235820
0.0040201830 0.0038625776 0.0030314872
0.0040273471 0.0038677142 0.0030377742
0.0040385005 0.0038704540 0.0030426896
0.0040530990 0.0038712266 0.0030462984
0.0040681922 0.0038727699 0.0030489522
0.0040800465 0.0038777829 0.0030517611
0.0040867702 0.0038870372 0.0030560951
0.0040895093 0.0038991404 0.0030621279
0.0040917424 0.0039117326 0.0030685966
0.0040969910 0.0039224810 0.0030741622
0.0041066072 0.0039299556 0.0030788825
0.0041189413 0.0039346786 0.0030839267
0.0041306253 0.0039395224 0.0030898895
0.0041391813 0.0039480548 0.0030956524
0.0041451516 0.0039617406 0.0030991262
0.0041518600 0.0039784251 0.0030989294
0.0041630223 0.0039936699 0.0030957633
0.0041796936 0.0040036145 0.0030927446
0.0041986815 0.0040073192 0.0030942856
0.0042142794 0.0040077980 0.0031034434
0.0042223175 0.0040107987 0.0031186101
0.0042238327 0.0040215415 0.0031330732
0.0042249801 0.0040408102 0.0031394299
0.0042325926 0.0040632683 0.0031358807
0.0042490062 0.0040806794 0.0031288281
0.0042700087 0.0040880782 0.0031281681
0.0042883181 0.0040879509 0.0031391014
0.0042996011 0.0040880253 0.0031580804
0.0043054783 0.0040946985 0.0031763627
0.0043114489 0.0041086068 0.0031872129
0.0043219652 0.0041253916 0.0031903096
0.0043370115 0.0041399037 0.0031909055
0.0043528132 0.0041499346 0.0031954719
0.0043653149 0.0041565917 0.0032071713
0.0043735191 0.0041623263 0.0032244680
0.0043799045 0.0041687129 0.0032429795
0.0043883514 0.0041759614 0.0032585288
0.0044011699 0.0041839329 0.0032687495
0.0044177256 0.0041937180 0.0032733017
0.0044349226 0.0042071803 0.0032737669
0.0044491492 0.0042242739 0.0032741258
0.0044586747 0.0042412497 0.0032804765
0.0044645423 0.0042525744 0.0032975334
0.0044699103 0.0042564140 0.0033239559
0.0044779143 0.0042575026 0.0033512668
0.0044901716 0.0042637836 0.0033692095
0.0045066520 0.0042796901 0.0033732116
0.0045261718 0.0043024336 0.0033676120
0.0045468563 0.0043245418 0.0033624436
0.0045665629 0.0043401033 0.0033663617
0.0045836988 0.0043493139 0.0033810948
0.0045979205 0.0043575958 0.0034012177
0.0046103498 0.0043709964 0.0034190409
0.0046227104 0.0043916003 0.0034303905
0.0046361985 0.0044163421 0.0034371746
0.0046509738 0.0044398429 0.0034447685
0.0046668249 0.0044590718 0.0034564402
0.0046841111 0.0044753551 0.0034699039
0.0047042889 0.0044920509 0.0034797784
0.0047287535 0.0045101181 0.0034829753
0.0047572770 0.0045272558 0.0034819996
0.0047864991 0.0045411971 0.0034827983
0.0048104097 0.0045536594 0.0034898736
0.0048236898 0.0045700392 0.0035035841
0.0048256092 0.0045938614 0.0035211589
0.0048221194 0.0046224136 0.0035394955
0.0048233861 0.0046483341 0.0035559446
0.0048381548 0.0046660430 0.0035675648
0.0048685715 0.0046762349 0.0035717530
0.0049088869 0.0046843415 0.0035693669
0.0049484813 0.0046952796 0.0035670486
0.0049775927 0.0047100773 0.0035744624
0.0049929759 0.0047273098 0.0035967331
0.0049995686 0.0047466437 0.0036286379
0.0050068538 0.0047700861 0.0036576381
0.0050222473 0.0047989984 0.0036737283
0.0050469887 0.0048307244 0.0036781280
0.0050761942 0.0048581672 0.0036830647
0.0051034198 0.0048747323 0.0037021990
0.0051258105 0.0048805530 0.0037377487
0.0051464884 0.0048840850 0.0037767953
0.0051715982 0.0048955410 0.0038013860
0.0052048136 0.0049183657 0.0038035650
0.0052434773 0.0049470356 0.0037922012
0.0052787319 0.0049726202 0.0037866931
0.0053005400 0.0049907053 0.0038032328
0.0053048923 0.0050040356 0.0038438619
0.0052983626 0.0050183629 0.0038958834
0.0052959171 0.0050366684 0.0039404274
0.0053124307 0.0050574716 0.0039634273
0.0053528732 0.0050776970 0.0039629662
0.0054081284 0.0050963457 0.0039500367
0.0054603669 0.0051151978 0.0039422137
0.0054947596 0.0051363575 0.0039529824
0.0055094390 0.0051604098 0.0039836144
0.0055152889 0.0051864446 0.0040230302
0.0055266247 0.0052134164 0.0040564913
0.0055506295 0.0052409065 0.0040766934
0.0055832681 0.0052686756 0.0040882176
0.0056148005 0.0052967321 0.0041017944
0.0056394564 0.0053255890 0.0041232252
0.0056606651 0.0053558272 0.0041480873
0.0056873286 0.0053869233 0.0041672491
0.0057253425 0.0054169123 0.0041762579
0.0057724539 0.0054440978 0.0041791769
0.0058197981 0.0054691758 0.0041848444
0.0058574997 0.0054953232 0.0042004775
0.0058802498 0.0055262119 0.0042279288
0.0058899845 0.0055633777 0.0042634479
0.0058954366 0.0056049666 0.0042995784
0.0059086476 0.0056465041 0.0043280648
0.0059392731 0.0056832933 0.0043436910
0.0059887462 0.0057126030 0.0043477497
0.0060486759 0.0057349031 0.0043490096
0.0061049378 0.0057534073 0.0043593421
0.0061460542 0.0057731594 0.0043856445
0.0061701829 0.0057996114 0.0044240908
0.0061850715 0.0058358478 0.0044625395
0.0062019002 0.0058802590 0.0044903367
0.0062276076 0.0059264471 0.0045064994
0.0062615817 0.0059667405 0.0045197630
0.0062981050 0.0059966680 0.0045410664
0.0063322834 0.0060170003 0.0045750492
0.0063644216 0.0060322196 0.0046167897
0.0063994413 0.0060478472 0.0046557043
0.0064416944 0.0060682421 0.0046829370
0.0064903953 0.0060956510 0.0046975519
0.0065391512 0.0061298424 0.0047075722
0.0065795602 0.0061684326 0.0047251023
0.0066068461 0.0062085176 0.0047587878
0.0066235364 0.0062479463 0.0048081095
0.0066392947 0.0062855656 0.0048636447
0.0066662688 0.0063203271 0.0049126776
0.0067126689 0.0063511904 0.0049467709
0.0067773958 0.0063780822 0.0049664515
0.0068492150 0.0064035440 0.0049804166
0.0069120198 0.0064331953 0.0049994423
0.0069542998 0.0064730669 0.0050290660
0.0069767691 0.0065242889 0.0050668936
0.0069919568 0.0065798331 0.0051065297
0.0070154905 0.0066281681 0.0051433627
0.0070556379 0.0066621810 0.0051762714
0.0071090605 0.0066854931 0.0052053567
0.0071653391 0.0067097844 0.0052302176
0.0072153662 0.0067450397 0.0052507696
0.0072569678 0.0067923387 0.0052689727
0.0072939037 0.0068450478 0.0052885764
0.0073310610 0.0068956980 0.0053129286
0.0073710229 0.0069415290 0.0053426453
0.0074141683 0.0069849805 0.0053749766
0.0074603829 0.0070299613 0.0054060021
0.0075096508 0.0070773704 0.0054345737
0.0075613406 0.0071244042 0.0054640374
0.0076137718 0.0071686774 0.0054985021
0.0076652192 0.0072122987 0.0055369107
0.0077159483 0.0072607126 0.0055726070
0.0077681887 0.0073166663 0.0055996815
0.0078234839 0.0073767541 0.0056196206
0.0078797205 0.0074346310 0.0056409676
0.0079317919 0.0074869448 0.0056725271
0.0079763597 0.0075348991 0.0057165105
0.0080164515 0.0075807404 0.0057669468
0.0080608114 0.0076249887 0.0058139644
0.0081165801 0.0076672297 0.0058503685
0.0081822074 0.0077088113 0.0058768130
0.0082475688 0.0077530099 0.0059012920
0.0083023347 0.0078025662 0.0059325954
0.0083451304 0.0078574876 0.0059728239
0.0083844687 0.0079150509 0.0060161664
0.0084306187 0.0079714601 0.0060557751
0.0084869191 0.0080235852 0.0060917027
0.0085485444 0.0080699263 0.0061308752
0.0086087949 0.0081116768 0.0061792416
0.0086653512 0.0081530801 0.0062347207
0.0087207141 0.0081994510 0.0062885654
0.0087783860 0.0082537174 0.0063335592
0.0088393284 0.0083144706 0.0063700264
0.0089013662 0.0083777213 0.0064041254
0.0089613167 0.0084404864 0.0064423079
0.0090171636 0.0085010817 0.0064880945
0.0090699314 0.0085571595 0.0065426088
0.0091236379 0.0086059503 0.0066040310
0.0091828174 0.0086488721 0.0066656361
0.0092484485 0.0086938443 0.0067176166
0.0093166169 0.0087495546 0.0067550780
0.0093816254 0.0088162468 0.0067841657
0.0094407906 0.0088845707 0.0068182096
0.0094958044 0.0089449306 0.0068663107
0.0095497556 0.0089973717 0.0069258057
0.0096041157 0.0090508083 0.0069863066
0.0096594879 0.0091123864 0.0070401252
0.0097184883 0.0091795296 0.0070877130
0.0097854667 0.0092434499 0.0071338017
0.0098623757 0.0092997814 0.0071808672
0.0099451884 0.0093537939 0.0072273851
0.0100255738 0.0094150003 0.0072717067
0.0100965660 0.0094879840 0.0073161737
0.0101565893 0.0095686241 0.0073664327
0.0102096850 0.0096483886 0.0074269380
0.0102630248 0.0097210798 0.0074964424
0.0103240176 0.0097865406 0.0075669802
0.0103977968 0.0098497817 0.0076276034
0.0104850187 0.0099166497 0.0076715486
0.0105805727 0.0099890430 0.0077025527
0.0106745043 0.0100639669 0.0077346561
0.0107562014 0.0101378552 0.0077834981
0.0108204554 0.0102109504 0.0078546257
0.0108721413 0.0102865189 0.0079391701
0.0109250573 0.0103661815 0.0080204440
0.0109938670 0.0104474551 0.0080850034
0.0110843587 0.0105264177 0.0081304015
0.0111891055 0.0106015528 0.0081659380
0.0112923331 0.0106745795 0.0082065391
0.0113807575 0.0107485164 0.0082628264
0.0114524068 0.0108257224 0.0083340839
0.0115163353 0.0109063068 0.0084099295
0.0115846573 0.0109875434 0.0084799544
0.0116636214 0.0110651605 0.0085419250
0.0117508538 0.0111372576 0.0086007979
0.0118396189 0.0112073724 0.0086605303
0.0119254923 0.0112824010 0.0087192432
0.0120089979 0.0113656578 0.0087735688
0.0120930090 0.0114524038 0.0088259919
0.0121791623 0.0115338557 0.0088848045
0.0122668017 0.0116058095 0.0089555574
0.0123547900 0.0116730708 0.0090344846
0.0124429578 0.0117450060 0.0091117526
0.0125315536 0.0118272705 0.0091809064
0.0126201297 0.0119178786 0.0092443532
0.0127079011 0.0120102213 0.0093097442
0.0127954787 0.0120990298 0.0093819816
0.0128853919 0.0121835860 0.0094590118
0.0129803593 0.0122665968 0.0095347761
0.0130810489 0.0123509098 0.0096054335
0.0131855310 0.0124370570 0.0096724479
0.0132908252 0.0125236447 0.0097400787
0.0133948160 0.0126099240 0.0098110220
0.0134960215 0.0126967524 0.0098853621
0.0135925141 0.0127850892 0.0099636276
0.0136823156 0.0128745831 0.0100477361
0.0137662509 0.0129654347 0.0101363028
0.0138497572 0.0130608875 0.0102199395
0.0139403087 0.0131652098 0.0102861479
0.0140417238 0.0132768076 0.0103330877
0.0141508228 0.0133837438 0.0103780758
0.0142602356 0.0134698732 0.0104472880
0.0143655679 0.0135307401 0.0105514973
0.0144690725 0.0135837584 0.0106706459
0.0145763182 0.0136589033 0.0107674272
0.0146891678 0.0137747002 0.0108204751
0.0148022092 0.0139217231 0.0108460352
0.0149060329 0.0140696239 0.0108869462
0.0149951905 0.0141914733 0.0109778740
0.0150751193 0.0142834267 0.0111169432
0.0151619634 0.0143638047 0.0112669151
0.0152735112 0.0144560933 0.0113831687
0.0154160384 0.0145718936 0.0114464636
0.0155767241 0.0147051838 0.0114769945
0.0157302918 0.0148395726 0.0115193345
0.0158572265 0.0149617709 0.0116083987
0.0159586722 0.0150710046 0.0117428856
0.0160545703 0.0151781008 0.0118884178
0.0161660370 0.0152958171 0.0120070698
0.0162975315 0.0154287022 0.0120880342
0.0164340023 0.0155697370 0.0121539125
0.0165563014 0.0157061809 0.0122383620
0.0166605343 0.0158288980 0.0123548495
0.0167628489 0.0159379131 0.0124856329
0.0168841578 0.0160408783 0.0126003047
0.0170288773 0.0161471943 0.0126846824
0.0171787947 0.0162627998 0.0127536017
0.0173088333 0.0163870207 0.0128363075
0.0174118136 0.0165136265 0.0129485719
0.0175069572 0.0166359989 0.0130775669
0.0176221115 0.0167531047 0.0131947609
0.0177666800 0.0168699853 0.0132846604
0.0179222610 0.0169918172 0.0133614906
0.0180601383 0.0171184089 0.0134562426
0.0181689297 0.0172458859 0.0135847042
0.0182659234 0.0173729984 0.0137287792
0.0183811351 0.0175027946 0.0138521899
0.0185299813 0.0176375381 0.0139357317
0.0186996130 0.0177742253 0.0139967417
0.0188608655 0.0179070941 0.0140737454
0.0189947608 0.0180336574 0.0141907436
0.0191090523 0.0181572459 0.0143363447
0.0192293276 0.0182839993 0.0144767376
0.0193748218 0.0184183686 0.0145864248
0.0195426107 0.0185611750 0.0146677794
0.0197122655 0.0187098742 0.0147456952
0.0198644730 0.0188601072 0.0148455199
0.0199967920 0.0190082084 0.0149734922
0.0201239816 0.0191530499 0.0151144783
0.0202650466 0.0192956278 0.0152467908
0.0204285583 0.0194368802 0.0153600952
0.0206071840 0.0195773837 0.0154621654
0.0207838133 0.0197194040 0.0155694781
0.0209452525 0.0198683153 0.0156911244
0.0210924745 0.0200284993 0.0158214268
0.0212391450 0.0201965195 0.0159491156
0.0213989518 0.0203598369 0.0160722241
0.0215732105 0.0205069031 0.0162009920
0.0217504236 0.0206408221 0.0163437326
0.0219190811 0.0207802828 0.0164921718
0.0220805121 0.0209421537 0.0166260732
0.0222471457 0.0211230350 0.0167350658
0.0224264386 0.0213016973 0.0168336697
0.0226080099 0.0214615978 0.0169510156
0.0227715687 0.0216079211 0.0171040566
0.0229104003 0.0217588669 0.0172811809
0.0230444468 0.0219236527 0.0174514317
0.0232055668 0.0220949360 0.0175885221
0.0234081164 0.0222615978 0.0176892594
0.0236346466 0.0224218242 0.0177750558
0.0238505065 0.0225813758 0.0178778816
0.0240313108 0.0227449467 0.0180193997
0.0241785319 0.0229147652 0.0181962358
0.0243134260 0.0230935390 0.0183823529
0.0244609216 0.0232825711 0.0185492181
0.0246364107 0.0234755367 0.0186861596
0.0248414565 0.0236607583 0.0188039652
0.0250648729 0.0238325826 0.0189215393
0.0252865520 0.0239974149 0.0190518823
0.0254882643 0.0241683843 0.0192014780
0.0256631656 0.0243514790 0.0193713727
0.0258220240 0.0245425459 0.0195536055
0.0259888678 0.0247355157 0.0197291890
0.0261841872 0.0249274378 0.0198789714
0.0264088624 0.0251170905 0.0200039813
0.0266406137 0.0253027907 0.0201302743
0.0268502988 0.0254867636 0.0202871966
0.0270270302 0.0256781603 0.0204781735
0.0271886652 0.0258839390 0.0206756420
0.0273694717 0.0260981689 0.0208486391
0.0275924702 0.0263031577 0.0209910256
0.0278499577 0.0264866196 0.0211236481
0.0281075962 0.0266580447 0.0212737392
0.0283283896 0.0268432266 0.0214533083
0.0285010730 0.0270611082 0.0216543587
0.0286498217 0.0273056477 0.0218570334
0.0288177845 0.0275516183 0.0220406589
0.0290378332 0.0277759143 0.0221941613
0.0293109804 0.0279715232 0.0223246184
0.0296048091 0.0281467972 0.0224570288
0.0298743563 0.0283219603 0.0226200715
0.0300883891 0.0285209365 0.0228208014
0.0302516380 0.0287602746 0.0230377287
0.0304014206 0.0290314816 0.0232386303
0.0305848705 0.0293010016 0.0234087626
0.0308273677 0.0295338689 0.0235585728
0.0311150883 0.0297242658 0.0237086530
0.0314075253 0.0299025765 0.0238733241
0.0316665171 0.0301047620 0.0240543097
0.0318855367 0.0303427912 0.0242479540
0.0320878716 0.0305997695 0.0244469739
0.0323038840 0.0308538199 0.0246417137
0.0325472749 0.0310974223 0.0248259803
0.0328084001 0.0313341584 0.0250050826
0.0330681960 0.0315682439 0.0251959455
0.0333150189 0.0318005749 0.0254096072
0.0335541980 0.0320353087 0.0256344595
0.0338022872 0.0322815336 0.0258427602
0.0340701706 0.0325424573 0.0260185494
0.0343522094 0.0328070850 0.0261790457
0.0346304869 0.0330574006 0.0263623437
0.0348908360 0.0332873132 0.0265897014
0.0351358549 0.0335131854 0.0268414694
0.0353799903 0.0337596200 0.0270742464
0.0356355560 0.0340363299 0.0272649180
0.0359012576 0.0343267785 0.0274312203
0.0361686750 0.0346048435 0.0276122990
0.0364321063 0.0348570350 0.0278281098
0.0366957458 0.0350933605 0.0280640627
0.0369678366 0.0353341474 0.0282901226
0.0372519141 0.0355915929 0.0284914344
0.0375420723 0.0358629895 0.0286773237
0.0378283801 0.0361404854 0.0288683599
0.0381032528 0.0364188982 0.0290783432
0.0383675864 0.0366967014 0.0293099702
0.0386288442 0.0369711184 0.0295567259
0.0388985271 0.0372425964 0.0298069712
0.0391841534 0.0375173297 0.0300452158
0.0394861149 0.0378029021 0.0302615622
0.0397997489 0.0380972039 0.0304633433
0.0401183176 0.0383853770 0.0306731057
0.0404343331 0.0386546196 0.0309099741
0.0407412864 0.0389139889 0.0311727072
0.0410322813 0.0391889991 0.0314394843
0.0413076663 0.0394986133 0.0316910040
0.0415783307 0.0398317786 0.0319258732
0.0418651478 0.0401561186 0.0321566755
0.0421857965 0.0404471489 0.0323923916
0.0425376688 0.0407096243 0.0326307753
0.0428950604 0.0409737309 0.0328688839
0.0432260235 0.0412684630 0.0331125275
0.0435195079 0.0415972691 0.0333700471
0.0437987879 0.0419398077 0.0336392213
0.0441005943 0.0422737291 0.0339046458
0.0444401615 0.0425946072 0.0341537895
0.0447987047 0.0429145149 0.0343935105
0.0451462709 0.0432441369 0.0346449900
0.0454743573 0.0435800920 0.0349197415
0.0458029032 0.0439111624 0.0352053360
0.0461555392 0.0442335652 0.0354807732
0.0465293739 0.0445531321 0.0357409244
0.0468984468 0.0448800996 0.0360024234
0.0472414047 0.0452219679 0.0362811751
0.0475626726 0.0455793083 0.0365717510
0.0478870634 0.0459436498 0.0368555183
0.0482364904 0.0463001877 0.0371251348
0.0486110821 0.0466374622 0.0373920376
0.0489920828 0.0469589683 0.0376715476
0.0493593935 0.0472808135 0.0379662787
0.0497073917 0.0476170352 0.0382652988
0.0500459340 0.0479690684 0.0385522630
0.0503917955 0.0483304733 0.0388157965
0.0507539285 0.0486896029 0.0390579304
0.0511268912 0.0490311815 0.0393009272
0.0514946615 0.0493478401 0.0395755502
0.0518402782 0.0496566070 0.0398881706
0.0521620145 0.0499964392 0.0402064807
0.0524822551 0.0503903445 0.0404903411
0.0528365015 0.0508110318 0.0407384497
0.0532455428 0.0512027074 0.0409932874
0.0536948893 0.0515467726 0.0412946002
0.0541429357 0.0518882232 0.0416368379
0.0545590705 0.0522851746 0.0419870897
0.0549493546 0.0527374189 0.0423301415
0.0553472949 0.0531894423 0.0426780117
0.0557779044 0.0536039163 0.0430338764
0.0562308325 0.0540063731 0.0433701380
0.0566746999 0.0544431366 0.0436652936
0.0570900168 0.0549049488 0.0439463839
0.0574892028 0.0553251700 0.0442704829
0.0579018327 0.0556610306 0.0446538570
0.0583404965 0.0559574962 0.0450394660
0.0587835627 0.0563087447 0.0453562499
0.0591938612 0.0567584292 0.0456047846
0.0595567824 0.0572539180 0.0458640660
0.0599005262 0.0577055911 0.0462040062
0.0602771434 0.0580829631 0.0466053034
0.0607182001 0.0584339749 0.0469829971
0.0612124776 0.0588197752 0.0472872986
0.0617159596 0.0592480785 0.0475558364
0.0621881155 0.0596863175 0.0478675676
0.0626162099 0.0601170162 0.0482530088
0.0630175391 0.0605611814 0.0486695024
0.0634225594 0.0610400415 0.0490591469
0.0638588914 0.0615350337 0.0494103666
0.0643406957 0.0620008183 0.0497528390
0.0648631234 0.0624187398 0.0501111161
0.0653978029 0.0628217144 0.0504795202
0.0659038674 0.0632623390 0.0508442469
0.0663558887 0.0637599808 0.0512115854
0.0667677521 0.0642837386 0.0516008290
0.0671850684 0.0647833514 0.0520140399
0.0676519038 0.0652364115 0.0524299299
0.0681732344 0.0656598052 0.0528250207
0.0687163852 0.0660896212 0.0531983257
0.0692434992 0.0665496794 0.0535655825
0.0697457205 0.0670397924 0.0539373124
0.0702438909 0.0675437979 0.0543094713
0.0707593220 0.0680436671 0.0546781411
0.0712876498 0.0685290178 0.0550578169
0.0718008872 0.0690021623 0.0554764947
0.0722721911 0.0694795153 0.0559465212
0.0727012231 0.0699839701 0.0564417397
0.0731238909 0.0705274293 0.0569116878
0.0735934003 0.0710911554 0.0573184823
0.0741487256 0.0716339692 0.0576637363
0.0747895182 0.0721256435 0.0579821984
0.0754726829 0.0725697981 0.0583162337
0.0761357829 0.0729977495 0.0587016808
0.0767250992 0.0734445889 0.0591608500
0.0772170420 0.0739391096 0.0596886271
0.0776302819 0.0745058812 0.0602384073
0.0780238367 0.0751534938 0.0607374317
0.0784721240 0.0758477317 0.0611392400
0.0790242059 0.0765092467 0.0614746062
0.0796690823 0.0770579480 0.0618398078
0.0803440870 0.0774807998 0.0623156503
0.0809872574 0.0778555038 0.0628844452
0.0815882928 0.0782954983 0.0634353988
0.0821847562 0.0788593553 0.0638642914
0.0828099415 0.0795095733 0.0641743066
0.0834485400 0.0801562512 0.0644789446
0.0840450700 0.0807405329 0.0649008765
0.0845592580 0.0812808146 0.0654649513
0.0850106126 0.0818371680 0.0660863603
0.0854710054 0.0824375413 0.0666569672
0.0860149772 0.0830484081 0.0671321591
0.0866696405 0.0836200215 0.0675376659
0.0873977622 0.0841498161 0.0679174460
0.0881243484 0.0846883951 0.0683024199
0.0887838228 0.0852764424 0.0687218252
0.0893633449 0.0858957723 0.0692111308
0.0899111399 0.0864956607 0.0697761669
0.0904987412 0.0870591985 0.0703578217
0.0911646320 0.0876283403 0.0708706867
0.0918786706 0.0882559973 0.0712930248
0.0925627190 0.0889471604 0.0717038848
0.0931625367 0.0896587983 0.0722069815
0.0937085551 0.0903471150 0.0728146673
0.0943015129 0.0909987010 0.0734295732
0.0950275349 0.0916184501 0.0739499837
0.0958762525 0.0922110085 0.0743788181
0.0967371544 0.0927929097 0.0748173440
0.0974827393 0.0934110792 0.0753521399
0.0980743122 0.0941214649 0.0759654928
0.0985932456 0.0949261586 0.0765658976
0.0991752712 0.0957436484 0.0770941274
0.0999063959 0.0964636674 0.0775758448
0.1007646731 0.0970493522 0.0780757295
0.1016438227 0.0975818250 0.0786234013
0.1024353429 0.0981915859 0.0791987666
0.1031039667 0.0989385941 0.0797747303
0.1037061192 0.0997669763 0.0803489435
0.1043410024 0.1005737585 0.0809235434
0.1050761700 0.1013085821 0.0814768076
0.1059044123 0.1020000248 0.0819846603
0.1067555271 0.1026958142 0.0824711216
0.1075529843 0.1034018631 0.0830131840
0.1082740081 0.1040900187 0.0836650737
0.1089677014 0.1047578645 0.0843759186
0.1097097371 0.1054553890 0.0850098699
0.1105315059 0.1062370639 0.0854758531
0.1113869240 0.1070915763 0.0858368177
0.1121919367 0.1079374341 0.0862727918
0.1129026641 0.1086967704 0.0869148292
0.1135627799 0.1093707738 0.0877161516
0.1142699893 0.1100303624 0.0884952192
0.1150939657 0.1107425159 0.0891038623
0.1160185758 0.1115216028 0.0895456366
0.1169526303 0.1123463934 0.0899418439
0.1178017491 0.1132002827 0.0904129936
0.1185398610 0.1140688790 0.0910028609
0.1192276191 0.1149097663 0.0916914607
0.1199660984 0.1156612834 0.0924347050
0.1208210943 0.1163113390 0.0931759359
0.1217699383 0.1169488744 0.0938460644
0.1227193049 0.1177166210 0.0943967526
0.1235830247 0.1186829264 0.0948493892
0.1243581482 0.1197586170 0.0953046008
0.1251260085 0.1207500569 0.0958823055
0.1259747895 0.1215203032 0.0966336472
0.1269143685 0.1221182496 0.0974948986
0.1278724107 0.1227485205 0.0983259521
0.1287767464 0.1235947423 0.0990076194
0.1296356926 0.1246583568 0.0995286240
0.1305240384 0.1257638518 0.0999952645
0.1314894338 0.1267270292 0.1005506353
0.1324911711 0.1275243100 0.1012656325
0.1334421194 0.1282883778 0.1020911616
0.1343128354 0.1291520838 0.1029171855
0.1351708184 0.1301146797 0.1036710200
0.1361083024 0.1310737665 0.1043590538
0.1371413676 0.1319705189 0.1050253376
0.1381939763 0.1328606337 0.1056910416
0.1391843061 0.1338280725 0.1063527229
0.1401093878 0.1348596282 0.1070250204
0.1410358709 0.1358462398 0.1077499809
0.1420178748 0.1367144379 0.1085459059
0.1430412449 0.1375233124 0.1093650054
0.1440510327 0.1384016139 0.1101314345
0.1450158902 0.1394024057 0.1108246066
0.1459538700 0.1404550974 0.1115051276
0.1469014471 0.1414623565 0.1122428292
0.1478782572 0.1424109651 0.1130338711
0.1488902397 0.1433597661 0.1138129308
0.1499464407 0.1443383575 0.1145405432
0.1510506302 0.1453099972 0.1152525815
0.1521725103 0.1462451783 0.1160122295
0.1532498252 0.1471887877 0.1168358554
0.1542411095 0.1482109894 0.1176894781
0.1551768958 0.1493049165 0.1185438028
0.1561433424 0.1503805415 0.1193965612
0.1572068909 0.1513784308 0.1202383074
0.1583523490 0.1523469529 0.1210311288
0.1595076826 0.1533751315 0.1217595914
0.1606181726 0.1544626031 0.1224829753
0.1616914902 0.1555120390 0.1232997466
0.1627659489 0.1564584330 0.1242397617
0.1638544779 0.1573707537 0.1252172187
0.1649346382 0.1583857467 0.1261123297
0.1659916158 0.1595525715 0.1268913634
0.1670506508 0.1607780214 0.1276292498
0.1681532039 0.1619311934 0.1284235793
0.1693079341 0.1629718780 0.1293099706
0.1704838106 0.1639587076 0.1302615353
0.1716543513 0.1649607001 0.1312360052
0.1728297037 0.1660014514 0.1321964161
0.1740339671 0.1670895787 0.1331093545
0.1752539753 0.1682493223 0.1339611884
0.1764416303 0.1694911126 0.1347924452
0.1775730895 0.1707631816 0.1356830905
0.1786937456 0.1719764909 0.1366775778
0.1798825795 0.1730924425 0.1377291656
0.1811700172 0.1741664488 0.1387420642
0.1825070154 0.1752872513 0.1396740723
0.1838174876 0.1764798557 0.1405771990
0.1850738878 0.1776954387 0.1415309327
0.1863044370 0.1788939244 0.1425440137
0.1875381264 0.1801113854 0.1435442588
0.1887663883 0.1814126622 0.1444675661
0.1899752517 0.1827825708 0.1453453855
0.1911902229 0.1840923318 0.1462856455
0.1924657092 0.1852159239 0.1473652605
0.1938183946 0.1861840525 0.1485366253
0.1951935284 0.1871956598 0.1496492860
0.1965187421 0.1884442343 0.1505805214
0.1977810589 0.1899230597 0.1513557217
0.1990352638 0.1914218517 0.1521449128
0.2003312095 0.1927310374 0.1531213698
0.2016546720 0.1938490005 0.1543050263
0.2029569666 0.1949669676 0.1555443574
0.2042359231 0.1962520213 0.1566637018
0.2055568000 0.1976701045 0.1576264007
0.2069801950 0.1990492587 0.1585483619
0.2084782906 0.2003047933 0.1595504505
0.2099464399 0.2015504271 0.1606236052
0.2113092623 0.2029533304 0.1616717731
0.2125993907 0.2045071103 0.1626683048
0.2139228368 0.2060104019 0.1637151980
0.2153522346 0.2072964819 0.1649150969
0.2168626053 0.2084437281 0.1662127252
0.2183757209 0.2097022297 0.1674284844
0.2198471202 0.2112107526 0.1684616807
0.2212995616 0.2128480027 0.1694138690
0.2227786429 0.2143948368 0.1704657135
0.2242943699 0.2157996187 0.1716540702
0.2258188890 0.2172102143 0.1728429539
0.2273281957 0.2187389008 0.1739288935
0.2288300783 0.2202846542 0.1750039819
0.2303449354 0.2216609152 0.1762401072
0.2318697303 0.2228768729 0.1776259881
0.2333757756 0.2241901573 0.1789186672
0.2348409452 0.2258172434 0.1799134208
0.2362828538 0.2276511573 0.1807150044
0.2377455615 0.2293389718 0.1816549648
0.2392654730 0.2306669849 0.1829378707
0.2408329015 0.2317884336 0.1844171728
0.2424123272 0.2330413583 0.1857835854
0.2439817651 0.2345731300 0.1869102210
0.2455572346 0.2362338754 0.1879467362
0.2471604375 0.2378239633 0.1890762214
0.2487836020 0.2393648057 0.1902910352
0.2503794829 0.2410169287 0.1914641224
0.2519236425 0.2427989647 0.1926021597
0.2534619866 0.2444953821 0.1938856926
0.2550873972 0.2459154270 0.1954176242
0.2568470170 0.2471756402 0.1970083875
0.2586980358 0.2486334084 0.1983427418
0.2605299184 0.2504763817 0.1993403215
0.2622828853 0.2524967480 0.2003020713
0.2639930862 0.2542983407 0.2015987584
0.2657539577 0.2557619603 0.2032697485
0.2675868853 0.2571804539 0.2049717462
0.2694084106 0.2589258939 0.2063704644
0.2711345784 0.2610219791 0.2075115605
0.2727904886 0.2630850216 0.2087372899
0.2745197031 0.2647403321 0.2102717148
0.2764159486 0.2660186645 0.2119255139
0.2784159911 0.2673341329 0.2133178138
0.2803223951 0.2690142525 0.2143064639
0.2819910700 0.2709575751 0.2151704341
0.2834692268 0.2727615600 0.2163296565
0.2849373288 0.2741788914 0.2178997738
0.2865364500 0.2754162104 0.2195809750
0.2882536916 0.2769111594 0.2209872084
0.2900068034 0.2788606962 0.2220653482
0.2917879883 0.2810038429 0.2231438048
0.2937083386 0.2829216115 0.2245837572
0.2958634590 0.2845122758 0.2263831267
0.2982161322 0.2861311107 0.2281956464
0.3006094979 0.2881887253 0.2297189250
0.3029159974 0.2906833897 0.2310324941
0.3051578723 0.2931923087 0.2325235493
0.3074391348 0.2953160580 0.2344516705
0.3097960760 0.2971277461 0.2366447649
0.3121294267 0.2991034341 0.2386677392
0.3142918028 0.3015947963 0.2402709193
0.3162582443 0.3044372928 0.2416370661
0.3181879745 0.3070797945 0.2431619026
0.3203194270 0.3091082336 0.2450219198
0.3227731944 0.3106162560 0.2469856737
0.3254477467 0.3120652493 0.2486634199
0.3281035387 0.3138378367 0.2499067100
0.3305359401 0.3159479555 0.2509370104
0.3326731782 0.3181269553 0.2521129948
0.3345582199 0.3201494372 0.2536289623
0.3362444427 0.3220373532 0.2554169209
0.3377318824 0.3239723777 0.2572757225
0.3390500839 0.3260813803 0.2590511061
0.3403503280 0.3282776497 0.2606643199
0.3419180502 0.3303325537 0.2620763465
0.3439812391 0.3320422692 0.2632569799
0.3465258268 0.3334026130 0.2642464059
0.3492619857 0.3346141584 0.2651796223
0.3518002689 0.3359344029 0.2662188001
0.3539109858 0.3375280605 0.2674718210
0.3556156064 0.3393922434 0.2689523933
0.3570894046 0.3414204289 0.2706176261
0.3584994753 0.3435287400 0.2724093119
0.3599386603 0.3457225006 0.2742478767
0.3614885882 0.3480422619 0.2760214781
0.3632956504 0.3504507377 0.2776378184
0.3655231760 0.3527804933 0.2791049633
0.3682262443 0.3548497576 0.2805573641
0.3712681474 0.3566524110 0.2821571944
0.3743698063 0.3584222043 0.2839514730
0.3772682249 0.3604801607 0.2858491729
0.3798746943 0.3630028203 0.2877648484
0.3822521593 0.3658658976 0.2897153122
0.3845574182 0.3688070011 0.2918105040
0.3869062865 0.3716460710 0.2940693302
0.3893708756 0.3744248823 0.2963618054
0.3919861979 0.3772481937 0.2985105735
0.3947810844 0.3800877885 0.3004872307
0.3977636651 0.3827795782 0.3024516291
0.4008656847 0.3852153607 0.3045598101
0.4039661140 0.3875403718 0.3067881986
0.4069338232 0.3900468751 0.3089465645
0.4097146192 0.3929005906 0.3109098616
0.4123555870 0.3959580253 0.3127735043
0.4149644966 0.3988920427 0.3147564584
0.4176411014 0.4015135192 0.3169592006
0.4204024144 0.4039363382 0.3192346065
0.4231906797 0.4064449269 0.3213481433
0.4259297762 0.4091842262 0.3232344581
0.4285980096 0.4120079623 0.3250736166
0.4312571397 0.4146440563 0.3270961837
0.4339958719 0.4169973127 0.3293142035
0.4368395979 0.4192725467 0.3314809721
0.4397149837 0.4217805737 0.3333438935
0.4425068495 0.4246195097 0.3349370173
0.4451407449 0.4275419372 0.3365924250
0.4476564439 0.4301961310 0.3386566014
0.4501594273 0.4324714089 0.3411330922
0.4527416930 0.4346265172 0.3436449994
0.4554325094 0.4370378894 0.3457646428
0.4582104836 0.4398223862 0.3473971223
0.4610436598 0.4427240120 0.3488578268
0.4639028853 0.4453773432 0.3505761321
0.4667465869 0.4476802375 0.3527133431
0.4695209018 0.4498940630 0.3550621497
0.4721929540 0.4523698197 0.3572965276
0.4747908795 0.4551926551 0.3592947764
0.4774165857 0.4581171288 0.3612288594
0.4801704835 0.4608190140 0.3633362393
0.4830896846 0.4632471126 0.3656584674
0.4861030591 0.4656691492 0.3679798369
0.4891054065 0.4684197084 0.3700638204
0.4920465774 0.4715684664 0.3719108871
0.4949554502 0.4748280841 0.3737765266
0.4979279890 0.4778322259 0.3759616774
0.5010235431 0.4804593154 0.3785181623
0.5042241870 0.4829559436 0.3811949557
0.5074499830 0.4857091388 0.3836515397
0.5106299616 0.4889053831 0.3857589253
0.5137459193 0.4923689025 0.3877045341
0.5168421828 0.4957375984 0.3898273917
0.5199700842 0.4987803082 0.3923052575
0.5231519606 0.5015956038 0.3950015867
0.5263682701 0.5044916708 0.3975944364
0.5295914212 0.5076901207 0.3998768203
0.5328113848 0.5111145183 0.4019346083
0.5360488688 0.5144713596 0.4040591751
0.5393226515 0.5175226976 0.4064641771
0.5426311446 0.5203201157 0.4090961728
0.5459337609 0.5231435611 0.4116931312
0.5491791590 0.5262353382 0.4140449911
0.5523465116 0.5295801513 0.4161907855
0.5554610074 0.5329286910 0.4183697419
0.5585797704 0.5360373632 0.4207938048
0.5617496984 0.5388863336 0.4234535277
0.5649811358 0.5416896618 0.4261358956
0.5682529064 0.5446983592 0.4286158896
0.5715561842 0.5479977196 0.4308526838
0.5749060925 0.5514441092 0.4330106327
0.5783372219 0.5548100419 0.4353293804
0.5818636055 0.5579792374 0.4379384128
0.5854651692 0.5610422157 0.4407763662
0.5891080174 0.5642099823 0.4436612590
0.5927702738 0.5676315892 0.4464370921
0.5964667388 0.5713051265 0.4490897963
0.6002100365 0.5751033713 0.4517145038
0.6039994130 0.5789026601 0.4544171055
0.6078285493 0.5826554618 0.4572281229
0.6117100716 0.5863694298 0.4601052275
0.6156686867 0.5900481859 0.4629904544
0.6197057569 0.5936899419 0.4658570378
0.6237646683 0.5973292309 0.4687024816
0.6277569512 0.6010488408 0.4715277560
0.6316233068 0.6048932665 0.4743294324
0.6354035965 0.6087896076 0.4771284883
0.6392165715 0.6125651124 0.4799668111
0.6431620271 0.6160947757 0.4828626578
0.6472215010 0.6194419664 0.4857683512
0.6512525196 0.6228362191 0.4885934995
0.6550910242 0.6264865423 0.4912863647
0.6586866720 0.6304046741 0.4938959989
0.6621450129 0.6343850960 0.4965341030
0.6656561310 0.6381647902 0.4992818477
0.6693668904 0.6416155599 0.5021368550
0.6732828403 0.6448049713 0.5050344154
0.6772869067 0.6479325134 0.5079090172
0.6812326648 0.6512130894 0.5107106149
0.6850465726 0.6547953934 0.5133942288
0.6887543616 0.6587020903 0.5159348002
0.6924488398 0.6628100107 0.5183970199
0.6962196732 0.6668868165 0.5209589645
0.7001144029 0.6707322368 0.5238238691
0.7041248812 0.6743298096 0.5270454052
0.7082255071 0.6779001464 0.5304494829
0.7124042804 0.6817491434 0.5337355916
0.7166977720 0.6860426509 0.5367205256
0.7211582037 0.6906505393 0.5394934120
0.7258142196 0.6952439198 0.5423748295
0.7306343566 0.6995719481 0.5456809199
0.7355131551 0.7036826033 0.5494615810
0.7403401963 0.7079170684 0.5534585123
0.7450794509 0.7126300456 0.5573043709
0.7498154140 0.7178793528 0.5608113361
0.7547169378 0.7233448606 0.5641107832
0.7599125963 0.7285335537 0.5675288540
0.7653993903 0.7331474109 0.5713399723
0.7710059462 0.7372845770 0.5755577492
0.7764875748 0.7413749802 0.5799343520
0.7816509125 0.7458806903 0.5841112968
0.7864637719 0.7510103268 0.5878393074
0.7910479031 0.7565791793 0.5911154082
0.7955981500 0.7621099461 0.5941835868
0.8002671485 0.7671004076 0.5973672312
0.8050935269 0.7713196761 0.6008304420
0.8100019025 0.7749453203 0.6044449715
0.8148458457 0.7784299685 0.6078861241
0.8194589931 0.7821825007 0.6108976969
0.8237275736 0.7863161860 0.6135231953
0.8276266282 0.7906021452 0.6160685823
0.8312600796 0.7946975115 0.6188554216
0.8348218959 0.7984282455 0.6219470725
0.8384962494 0.8019194881 0.6250975691
0.8423730980 0.8054914404 0.6279752852
0.8464267770 0.8093975471 0.6304526668
0.8505868105 0.8136291269 0.6327313023
0.8548417042 0.8179414406 0.6352146422
0.8592594402 0.8220530656 0.6382248538
0.8639498395 0.8259018090 0.6418244746
0.8689477166 0.8297024519 0.6458206696
0.8741860639 0.8338346095 0.6499551556
0.8795403666 0.8386098754 0.6540642164
0.8849550607 0.8441233850 0.6581337863
0.8905079104 0.8502254147 0.6622325432
0.8963791473 0.8566307785 0.6664421008
0.9027300804 0.8630769902 0.6708335946
0.9095686513 0.8694281415 0.6754621553
0.9167547004 0.8757247835 0.6803758111
0.9240767942 0.8821021020 0.6855649744
0.9313956566 0.8886985453 0.6909448105
0.9386930818 0.8955655097 0.6963713888
0.9460347782 0.9026609817 0.7017229280
0.9534689652 0.9098857913 0.7069646177
0.9609656924 0.9171327809 0.7121484923
0.9684581910 0.9243314344 0.7173614735
0.9758909608 0.9314344100 0.7226398318
0.9832670998 0.9384291644 0.7279596165
0.9906036831 0.9453214997 0.7332620393
0.9979012517 0.9521405283 0.7385153738
1.0051350567 0.9589155187 0.7437288570
1.0122848116 0.9656570793 0.7489200266
1.0193837916 0.9723858693 0.7540917492
1.0264775295 0.9791201054 0.7592089640
1.0336183119 0.9858912282 0.7642627054
1.0408340545 0.9926927805 0.7692974757
1.0481533784 0.9994872671 0.7743970043
1.0556212625 1.0062812722 0.7796072627
1.0632569379 1.0131917723 0.7848637869
1.0710418102 1.0204306313 0.7900554021
1.0789437535 1.0281165770 0.7951716821
1.0869930231 1.0361063580 0.8004076899
1.0952977347 1.0440844933 0.8060715282
1.1039170602 1.0518895416 0.8123190393
1.1127826579 1.0597719561 0.8190179411
1.1217714677 1.0681657565 0.8258787915
1.1309167268 1.0772003943 0.8327405483
1.1404845418 1.0865526944 0.8396863553
1.1507227754 1.0958342885 0.8468549526
1.1615816219 1.1050833919 0.8542528899
1.1727184144 1.1147075168 0.8617901700
1.1838286048 1.1250033783 0.8694605978
1.1949030415 1.1358602610 0.8773517602
1.2061856113 1.1469926843 0.8854898826
1.2178865659 1.1582745920 0.8937401013
1.2300265727 1.1697917405 0.9019677987
1.2424865630 1.1816100685 0.9102320773
1.2551534173 1.1936342163 0.9187512805
1.2680292932 1.2057383123 0.9276780819
1.2812039043 1.2179366880 0.9369198804
1.2947763345 1.2304140521 0.9462324389
1.3087479840 1.2433598463 0.9554592059
1.3230285159 1.2568338166 0.9647162129
1.3375136174 1.2707283249 0.9743205293
1.3522153544 1.2848693588 0.9845675116
1.3672872930 1.2991338132 0.9955372218
1.3829390492 1.3135437246 1.0071070627
1.3993039718 1.3282724146 1.0191028548
1.4163916742 1.3435572779 1.0314097980
1.4341977502 1.3596092783 1.0439702216
1.4528106911 1.3765557264 1.0567079923
1.4723984116 1.3944622485 1.0695400831
1.4930573608 1.4133592018 1.0824989911
1.5147035268 1.4332390083 1.0958542506
1.5371376305 1.4540455133 1.1100596389
1.5602353519 1.4757140645 1.1255032137
1.5849831689 1.4991098597 1.1429051325
1.6070294631 1.5200093796 1.1586841976
1.6295131155 1.5413157710 1.1745785569
1.6525246577 1.5630804919 1.1904210170
1.6760414966 1.5852159149 1.2063027016
1.7000365730 1.6075775906 1.2223871695
1.7245512928 1.6300834596 1.2387035120
1.7496575088 1.6527451188 1.2551271082
1.7753781495 1.6756200944 1.2715442744
1.8016315742 1.6987434563 1.2879791866
1.8282618841 1.7221278659 1.3045608311
1.8551149626 1.7458008009 1.3213868094
1.8821235653 1.7698188935 1.3384493615
1.9093245816 1.7941967240 1.3556519403
1.9368426771 1.8188679140 1.3728890284
1.9648065847 1.8437217256 1.3900981256
1.9932395947 1.8687007021 1.4072813351
2.0219913175 1.8938661304 1.4244960412
2.0507829531 1.9193861090 1.4418115854
2.0793538859 1.9454577375 1.4592600939
2.1075853324 1.9721805317 1.4768236527
2.1355309879 1.9994687943 1.4944742758
2.1633880651 2.0270990144 1.5121955232
2.1914319183 2.0548288102 1.5298924791
2.2199940998 2.0824856070 1.5473275774
2.2494444396 2.1098786239 1.5642614537
2.2801037843 2.1365712229 1.5807438273
2.3121626442 2.1618969381 1.5972325268
2.3455848132 2.1854219735 1.6141629476
2.3800801720 2.2076398297 1.6312687177
2.4083897059 2.2338982972 1.6506716175
2.4366353353 2.2600974894 1.6700307181
2.4647826505 2.2862054899 1.6893224361
2.4928513148 2.3122405378 1.7085602477
2.5207479288 2.3381160013 1.7276801392
2.5484970725 2.3638546771 1.7466989564
2.5760741659 2.3894337705 1.7655998537
2.6034546330 2.4148304805 1.7843659851
2.6305893136 2.4399992132 1.8029636595
2.6574782078 2.4649399687 1.8213928765
2.6840967415 2.4896299480 1.8396367906
2.7103957527 2.5140235572 1.8576617104
2.7363752432 2.5381207944 1.8754676357
2.7620106331 2.5618988626 1.8930377211
2.7872773464 2.5853349670 1.9103551208
2.8121262249 2.6083835076 1.9273861430
2.8365572707 2.6310444864 1.9441307883
2.8605458996 2.6532951045 1.9605722103
2.8840429618 2.6750897681 1.9766767181
2.9070730290 2.6964512742 1.9924611574
2.9295623714 2.7173112298 2.0078749906
2.9515355627 2.7376924299 2.0229350637
2.9729434490 2.7575492849 2.0376076852
2.9937368743 2.7768361946 2.0518591640
3.0139404125 2.7955759560 2.0657063453
3.0335294896 2.8137457764 2.0791323836
3.0524549455 2.8313000558 2.0921035878
3.0707167822 2.8482387940 2.1046199572
3.0882904218 2.8645391964 2.1166646467
3.1051512819 2.8801784639 2.1282208102
3.1212993669 2.8951565945 2.1392884479
3.1367100965 2.9094507933 2.1498507140
3.1513343127 2.9230154646 2.1598739171
3.1652211736 2.9358962020 2.1693917484
3.1782969430 2.9480246128 2.1783536712
3.1905616230 2.9594006971 2.1867596852
3.2020152116 2.9700244568 2.1946097904
3.2126331285 2.9798730910 2.2018871413
3.2224153781 2.9889466017 2.2085917375
3.2313373801 2.9972221900 2.2147067338
3.2393991325 3.0046998579 2.2202321298
3.2465760594 3.0113568043 2.2251510797
3.2528927367 3.0172158304 2.2294804297
3.2583245884 3.0222541351 2.2332033338
3.2628470345 3.0264489256 2.2363029461
3.2664600770 3.0298001957 2.2387792668
3.2691882919 3.0323307486 2.2406491417
3.2710071032 3.0340177832 2.2418957249
3.2719165067 3.0348612994 2.2425190165
3.2719165067 3.0348612994 2.2425190165
